ID_groupA,ID_groupB,ID_groupC
17861,683,5861
17861,6892,5450
22178,4016,5290
17861,6892,5450
757,683,14665
17861,683,5861
17861,683,5450
757,683,5290
757,4016,5290
17861,6892,5450
757,23630,5861
2653,683,5861
757,683,5290
17861,683,5290
757,23630,5861
757,4016,5861
2653,12637,14665
2653,12637,14665
20477,23630,5861
757,6892,5450
757,23630,5861
2653,4016,25528
757,6892,5290
2653,23630,14665
2653,12637,14665
757,23630,5861
20477,683,5861
22178,4016,25528
757,6892,5290
2653,4016,14665
757,683,5290
757,6892,5450
757,6892,5290
757,4016,5290
757,6892,5290
757,23630,5861
2653,12637,14665
757,6892,5290
757,683,5290
22178,4016,25528
22178,12637,25528
757,4016,5861
22178,6892,5450
22178,6892,5290
22178,4016,25528
22178,6892,5450
757,4016,5861
22178,4016,25528
22178,4016,25528
22178,683,5290
2653,12637,14665
20477,23630,5861
17861,683,5450
757,6892,5290
757,4016,5861
757,6892,5290
757,23630,5861
2653,12637,14665
757,6892,5290
757,683,5290
20477,23630,14665
757,23630,14665
757,23630,14665
2653,4016,14665
2653,4016,14665
2653,23630,14665
2653,12637,14665
2653,12637,14665
20477,23630,14665
17861,683,5450
757,683,5290
757,4016,5861
757,6892,5861
20477,23630,5861
2653,23630,5861
757,683,5290
757,683,5861
757,6892,5450
757,4016,5290
757,6892,5290
757,23630,5290
757,12637,5290
757,6892,5450
17861,683,5450
757,4016,5290
757,6892,5290
757,23630,5861
757,4016,25528
757,23630,5861
757,683,5290
757,4016,5290
757,4016,5861
22178,4016,25528
2653,4016,25528
757,4016,5861
757,23630,5861
757,6892,5290
757,6892,5290
17861,683,5450
2653,23630,14665
757,23630,5861
757,683,5861
2653,12637,14665
2653,683,5861
757,683,5290
