ID_groupA,ID_groupB,ID_groupC,ID_groupD
17861,683,5861,3914
17861,6892,5450,4678
22178,4016,5290,4678
757,683,5290,19355
757,683,14665,3914
17861,683,5861,19355
17861,683,5450,19355
757,683,5290,19355
17861,4016,5290,4678
17861,6892,5450,13895
757,23630,5861,19355
2653,683,5861,3914
757,683,5290,19355
17861,683,5290,19355
757,23630,5861,4678
757,4016,5861,3914
757,23630,5861,3914
2653,12637,14665,3914
20477,23630,5861,3914
757,6892,5450,3914
757,23630,5861,3914
757,4016,5861,3914
757,6892,5861,3914
757,23630,5861,3914
2653,12637,14665,3914
757,23630,5861,3914
20477,683,5861,3914
22178,4016,25528,4678
757,6892,5290,4678
2653,4016,14665,4678
757,6892,5861,4678
757,6892,5450,4678
757,6892,5290,4678
757,4016,5290,4678
757,6892,5290,4678
757,23630,5861,4678
2653,12637,14665,4678
757,6892,5290,4678
757,683,5290,4678
22178,6892,5290,13895
22178,4016,14665,3914
22178,4016,5861,3914
22178,6892,5450,13895
22178,6892,5290,13895
22178,4016,25528,4678
22178,4016,25528,13895
757,23630,5861,4678
22178,4016,25528,4678
757,6892,5290,13895
22178,683,5290,4678
2653,23630,14665,3914
2653,23630,5861,3914
17861,683,5450,19355
757,6892,5290,13895
757,4016,5861,4678
757,6892,5290,13895
2653,23630,5861,3914
2653,12637,14665,3914
757,6892,5290,13895
757,683,5290,19355
2653,12637,5861,3914
757,23630,14665,3914
757,23630,14665,3914
2653,4016,14665,4678
2653,4016,14665,13895
2653,23630,14665,3914
2653,23630,14665,3914
757,23630,14665,3914
20477,23630,14665,11613
17861,683,5450,19355
757,683,5290,19355
757,4016,5861,4678
757,6892,5861,13895
757,23630,5861,3914
2653,12637,5861,3914
757,683,5290,19355
757,683,5861,19355
757,6892,5450,4678
757,4016,5290,4678
757,6892,5290,13895
757,23630,5290,3914
757,12637,5290,3914
757,6892,5450,4678
17861,683,5450,19355
757,4016,5290,4678
757,6892,5290,13895
757,23630,5861,3914
757,12637,14665,3914
757,23630,5861,3914
757,683,5290,19355
757,4016,5290,4678
757,4016,5861,4678
2653,4016,14665,4678
757,4016,5290,4678
757,4016,5290,19355
757,23630,5290,3914
22178,4016,25528,13895
757,6892,5290,13895
17861,683,5450,19355
2653,23630,14665,3914
757,23630,5861,3914
20477,23630,5861,11613
2653,12637,14665,3914
2653,683,5861,3914
757,683,5290,19355
