ID_groupA,ID_groupB,ID_groupC,ID_groupD,ID_groupE
20477,683,5861,3914,11150
17861,6892,5450,4678,1655
22178,4016,5290,4678,18017
757,683,5290,19355,15833
757,683,14665,3914,11842
17861,683,5861,19355,11150
17861,683,5450,19355,1655
757,683,5290,19355,15833
757,4016,5290,19355,15833
17861,6892,5450,13895,1655
17861,683,5861,19355,11150
757,683,14665,3914,11842
757,683,5290,19355,15833
17861,683,5290,19355,1655
757,23630,5861,4678,11842
22178,4016,5861,3914,15833
2653,12637,14665,3914,11842
2653,12637,14665,3914,11842
20477,23630,5861,3914,11150
757,6892,5450,4678,15833
757,23630,5861,3914,11150
757,4016,5861,3914,15833
757,6892,5290,13895,15833
2653,23630,5861,3914,11842
2653,12637,14665,3914,11842
757,23630,5861,3914,15833
20477,683,5861,3914,11150
22178,4016,25528,4678,18017
22178,4016,25528,4678,18017
2653,4016,14665,4678,11842
757,4016,5861,4678,15833
757,6892,5450,4678,15833
757,6892,5290,4678,15833
757,4016,5290,4678,15833
757,6892,5290,4678,15833
757,23630,5861,4678,11150
2653,12637,14665,4678,15833
757,6892,5290,4678,15833
757,683,5290,4678,15833
22178,4016,25528,4678,18017
22178,4016,14665,3914,11842
22178,4016,5861,3914,15833
22178,4016,5450,4678,18017
22178,4016,5290,4678,18017
22178,4016,25528,4678,18017
22178,4016,25528,13895,18017
22178,4016,5861,3914,15833
22178,4016,25528,4678,18017
757,6892,5290,13895,15833
22178,4016,5861,3914,15833
2653,12637,14665,3914,11842
2653,23630,5861,3914,11842
757,6892,5450,4678,15833
757,23630,5861,3914,11150
757,4016,5861,4678,11150
757,6892,5290,13895,15833
2653,23630,5861,3914,11842
2653,12637,14665,3914,11842
757,6892,5290,13895,15833
757,683,5290,19355,15833
2653,12637,5861,3914,11842
2653,6892,5450,4678,15833
757,12637,14665,3914,11842
2653,4016,14665,3914,15833
2653,4016,14665,13895,15833
2653,23630,14665,3914,11842
2653,12637,14665,3914,11842
757,23630,14665,3914,15833
20477,23630,14665,11613,11150
17861,683,5450,19355,1655
757,23630,5861,3914,15833
2653,4016,5861,3914,15833
757,4016,5861,13895,15833
20477,23630,5861,11613,11150
2653,12637,5861,3914,11842
757,683,5290,19355,15833
20477,683,5861,11613,11150
757,6892,5450,4678,15833
757,4016,5290,4678,15833
17861,6892,5450,13895,1655
757,23630,5290,3914,15833
2653,6892,5450,4678,15833
757,6892,5450,4678,15833
17861,683,5450,19355,1655
757,4016,5861,3914,15833
757,4016,5290,13895,15833
757,23630,5861,3914,11842
757,12637,14665,3914,11842
757,23630,5861,3914,15833
757,683,5861,3914,15833
757,4016,5290,13895,15833
2653,4016,5861,3914,15833
2653,4016,14665,3914,11842
757,4016,5290,4678,15833
757,4016,5290,19355,15833
757,6892,5861,13895,11150
22178,4016,25528,13895,18017
757,6892,5290,13895,15833
17861,683,5450,19355,1655
2653,23630,14665,3914,11842
757,23630,5861,3914,15833
20477,23630,5861,11613,11150
2653,12637,14665,3914,15833
2653,683,5861,3914,11842
757,683,5290,19355,15833
