ID_groupA,ID_groupB
757,683
757,683
22178,6892
17861,683
757,12637
17861,683
17861,683
757,683
757,4016
17861,6892
20477,683
757,683
757,683
17861,683
757,23630
22178,4016
2653,12637
2653,12637
20477,23630
17861,683
757,23630
2653,4016
757,6892
2653,23630
2653,12637
2653,23630
757,683
22178,4016
22178,4016
2653,12637
757,683
757,6892
757,6892
757,4016
757,6892
757,23630
2653,4016
2653,4016
757,683
22178,4016
22178,12637
757,4016
22178,6892
757,4016
22178,4016
22178,4016
2653,4016
22178,4016
22178,4016
757,683
2653,12637
20477,683
17861,683
757,6892
22178,4016
757,6892
2653,23630
2653,12637
22178,4016
20477,683
20477,23630
757,12637
757,12637
2653,4016
2653,4016
2653,23630
2653,12637
2653,12637
757,683
17861,683
757,683
757,4016
757,6892
20477,23630
2653,23630
757,683
20477,683
757,6892
757,4016
17861,6892
757,23630
757,6892
757,6892
17861,683
757,4016
757,6892
757,23630
757,12637
757,4016
757,683
22178,4016
2653,4016
2653,4016
2653,4016
757,4016
757,23630
2653,4016
757,6892
757,683
2653,23630
2653,23630
20477,23630
2653,12637
2653,683
757,683
