ID_START_VERTEX,ID_END_VERTEX
8184,3844
8184,4665
8184,26680
8184,21392
8184,403
8184,6020
8184,1039
8184,6724
8184,23117
8184,6659
8184,791
8184,5798
8184,15833
8184,9769
3844,4665
3844,26680
3844,21392
3844,403
3844,6020
3844,1039
3844,6724
3844,23117
3844,6659
3844,791
3844,5798
3844,15833
3844,9769
4665,26680
4665,21392
4665,403
4665,6020
4665,1039
4665,6724
4665,23117
4665,6659
4665,791
4665,5798
4665,15833
4665,9769
26680,21392
26680,403
26680,6020
26680,1039
26680,6724
26680,23117
26680,6659
26680,791
26680,5798
26680,15833
26680,9769
21392,403
21392,6020
21392,1039
21392,6724
21392,23117
21392,6659
21392,791
21392,5798
21392,15833
21392,9769
403,6020
403,1039
403,6724
403,23117
403,6659
403,791
403,5798
403,15833
403,9769
6020,1039
6020,6724
6020,23117
6020,6659
6020,791
6020,5798
6020,15833
6020,9769
1039,6724
1039,23117
1039,6659
1039,791
1039,5798
1039,15833
1039,9769
6724,23117
6724,6659
6724,791
6724,5798
6724,15833
6724,9769
23117,6659
23117,791
23117,5798
23117,15833
23117,9769
6659,791
6659,5798
6659,15833
6659,9769
791,5798
791,15833
791,9769
5798,15833
5798,9769
15833,9769
