ID_groupA,ID_groupB
52281,25851
19464,25851
19464,142747
19464,63310
751,25851
12876,25770
12876,25851
12876,25851
12876,25851
12876,25770
19464,25851
12876,25851
12876,25851
12876,25851
19464,25851
52281,142747
19464,63310
751,25851
52281,25851
52281,25851
52281,25851
52281,25851
52281,25851
19464,25851
52281,25851
52281,25851
52281,25851
19464,142747
19464,63310
19464,144836
19464,25851
19464,25851
19464,25851
19464,25851
19464,25770
19464,25851
19464,25851
19464,25851
19464,25851
59847,63310
751,142747
751,142747
19464,142747
19464,142747
19464,142747
19464,142747
59847,142747
52281,142747
19464,142747
19464,142747
751,63310
751,63310
19464,63310
19464,63310
19464,63310
751,63310
59847,63310
52281,63310
19464,63310
19464,63310
751,25770
751,25770
751,25851
751,25851
751,25770
59847,142747
751,25851
751,25851
751,25851
19464,25851
19464,25851
19464,25851
751,25770
19464,25851
52281,25851
19464,25851
19464,25851
19464,25851
19464,25851
12876,25770
19464,25851
52281,25851
19464,25851
19464,25851
12876,25851
12876,25851
19464,25851
52281,25851
19464,25851
12876,25851
12876,25770
19464,25851
52281,25851
12876,25851
12876,25851
19464,25770
12876,25851
12876,25851
12876,25770
19464,25851
19464,25851
19464,25851
52281,25851
52281,25851
12876,25851
