ID_groupA,ID_groupB,ID_groupC,ID_groupD,ID_groupE
19464,25851,105170,7643,17567
19464,25851,105170,7643,17567
19464,142747,105170,7643,69549
19464,63310,105170,7643,17567
751,25851,105170,7643,146015
12876,25851,105170,7643,146015
12876,25851,105170,7643,17567
12876,25851,105170,7643,17567
12876,25851,40513,149036,17567
12876,25770,105170,7643,146015
19464,25851,105170,7643,69549
12876,25851,105170,7643,109070
12876,25851,40513,7643,17567
12876,25851,40513,7643,17567
19464,25851,105170,7643,17567
19464,25851,105170,7643,69549
52281,63310,105170,7643,17567
751,25851,105170,7643,146015
52281,25851,105170,7643,146015
52281,25851,105170,7643,17567
52281,25851,40513,69406,17567
52281,25851,40513,149036,17567
52281,25851,105170,7643,146015
19464,25851,105170,7643,69549
52281,25851,105170,7643,109070
52281,25851,105170,7643,17567
52281,25851,40513,69406,17567
19464,142747,105170,7643,69549
19464,63310,105170,680,146015
19464,25851,105170,7643,146015
19464,25851,105170,7643,146015
19464,25851,105170,7643,17567
19464,25851,105170,7643,17567
19464,25851,40513,149036,17567
19464,25770,105170,7643,146015
19464,25851,105170,7643,69549
19464,25851,105170,7643,109070
19464,25851,105170,7643,17567
19464,25851,40513,7643,17567
19464,63310,105170,84531,69549
19464,142747,105170,680,69549
19464,142747,105170,7643,69549
19464,142747,105170,7643,69549
19464,25851,105170,7643,69549
19464,142747,40513,149036,69549
19464,142747,105170,7643,69549
19464,142747,105170,7643,69549
19464,25851,105170,7643,69549
19464,142747,105170,7643,69549
19464,142747,40513,7643,69549
751,63310,871,84531,146015
19464,63310,105170,84531,146015
19464,63310,105170,7643,69549
19464,63310,105170,84531,17567
19464,63310,40513,84531,17567
19464,63310,105170,84531,146015
19464,63310,105170,84531,69549
19464,25851,105170,7643,109070
19464,63310,105170,7643,69549
19464,63310,40513,84531,17567
751,25770,871,680,146015
751,25851,105170,7643,146015
751,25851,105170,7643,146015
751,25851,105170,149036,17567
751,25770,871,680,146015
19464,25851,105170,7643,69549
751,25851,105170,7643,109070
751,25851,105170,7643,146015
751,25851,105170,7643,17567
19464,25851,105170,7643,146015
19464,25851,105170,7643,146015
19464,25851,105170,149036,17567
12876,25770,105170,7643,146015
19464,25851,105170,7643,69549
52281,25851,105170,7643,109070
19464,25851,105170,7643,146015
19464,25851,105170,7643,17567
12876,25851,105170,7643,17567
19464,25851,105170,149036,17567
12876,25851,105170,7643,17567
19464,25851,105170,7643,69549
52281,25851,105170,7643,109070
12876,25851,105170,7643,17567
19464,25851,105170,7643,17567
12876,25851,40513,149036,17567
19464,25851,105170,7643,146015
19464,25851,105170,7643,69549
19464,25851,105170,7643,109070
19464,25851,105170,7643,17567
12876,25851,40513,7643,17567
12876,25770,40513,149036,17567
19464,25851,40513,149036,69549
52281,25851,40513,149036,109070
19464,25851,40513,149036,17567
12876,25851,40513,149036,17567
19464,25770,105170,7643,69549
12876,25851,69529,7643,109070
19464,25770,105170,7643,146015
12876,25851,69529,7643,17567
19464,25851,105170,7643,69549
19464,25851,105170,7643,69549
19464,25851,40513,7643,69549
52281,25851,105170,7643,109070
52281,25851,40513,69406,109070
19464,25851,40513,7643,17567
