ID_groupA,ID_groupB,ID_groupC
52281,25851,105170
19464,25851,105170
19464,142747,105170
19464,63310,105170
751,25851,105170
12876,25851,105170
12876,25851,105170
12876,25851,105170
12876,25851,40513
12876,25770,69529
19464,25851,105170
12876,25851,108055
12876,25851,105170
12876,25851,40513
19464,25851,105170
19464,142747,105170
19464,63310,105170
751,25851,105170
52281,25851,105170
52281,25851,105170
19464,25851,105170
52281,25851,40513
52281,25851,105170
19464,25851,105170
52281,25851,108055
52281,25851,105170
52281,25851,40513
19464,142747,105170
19464,63310,105170
19464,25851,105170
19464,25851,105170
19464,25851,105170
19464,25851,105170
19464,25851,40513
19464,25770,105170
19464,25851,105170
19464,25851,105170
19464,25851,105170
19464,25851,40513
751,63310,871
751,142747,871
751,142747,871
19464,142747,105170
19464,25851,105170
19464,142747,40513
19464,142747,105170
19464,142747,105170
19464,25851,105170
19464,142747,105170
19464,142747,40513
751,63310,871
751,63310,871
19464,63310,105170
19464,25851,105170
19464,63310,40513
751,63310,871
19464,63310,105170
19464,25851,105170
19464,63310,105170
19464,63310,40513
751,25770,871
751,25770,105170
751,25851,105170
751,25851,105170
751,25770,871
19464,25851,105170
751,25851,105170
751,25851,105170
751,25851,105170
19464,25851,105170
19464,25851,105170
19464,25851,105170
751,25770,871
19464,25851,105170
52281,25851,105170
19464,25851,105170
19464,25851,105170
19464,25851,105170
19464,25851,105170
19464,25770,105170
19464,25851,105170
52281,25851,105170
19464,25851,105170
19464,25851,105170
12876,25851,40513
12876,25851,69529
19464,25851,105170
52281,25851,108055
19464,25851,105170
12876,25851,40513
12876,25770,40513
19464,25851,40513
52281,25851,40513
12876,25851,40513
12876,25851,40513
19464,25770,105170
12876,25851,69529
19464,25770,105170
12876,25770,69529
19464,25851,105170
19464,25851,105170
19464,25851,40513
52281,25851,105170
52281,25851,40513
12876,25851,40513
