ID_START_VERTEX,ID_END_VERTEX
121691,56396
121691,15537
121691,60418
121691,58864
121691,1029
121691,43
121691,68298
121691,100150
121691,4729
121691,4396
121691,57746
121691,109080
121691,136463
121691,130843
56396,15537
56396,60418
56396,58864
56396,1029
56396,43
56396,68298
56396,100150
56396,4729
56396,4396
56396,57746
56396,109080
56396,136463
56396,130843
15537,60418
15537,58864
15537,1029
15537,43
15537,68298
15537,100150
15537,4729
15537,4396
15537,57746
15537,109080
15537,136463
15537,130843
60418,58864
60418,1029
60418,43
60418,68298
60418,100150
60418,4729
60418,4396
60418,57746
60418,109080
60418,136463
60418,130843
58864,1029
58864,43
58864,68298
58864,100150
58864,4729
58864,4396
58864,57746
58864,109080
58864,136463
58864,130843
1029,43
1029,68298
1029,100150
1029,4729
1029,4396
1029,57746
1029,109080
1029,136463
1029,130843
43,68298
43,100150
43,4729
43,4396
43,57746
43,109080
43,136463
43,130843
68298,100150
68298,4729
68298,4396
68298,57746
68298,109080
68298,136463
68298,130843
100150,4729
100150,4396
100150,57746
100150,109080
100150,136463
100150,130843
4729,4396
4729,57746
4729,109080
4729,136463
4729,130843
4396,57746
4396,109080
4396,136463
4396,130843
57746,109080
57746,136463
57746,130843
109080,136463
109080,130843
136463,130843
