ID_groupA,ID_groupB,ID_groupC
10065,9822,10832
10065,9822,109
8611,9822,109
10065,9822,13398
19730,9822,10832
10065,9822,10832
10065,9822,10832
10065,258,18880
10065,9822,6088
10065,258,18880
10065,9822,10832
10065,9822,10832
10065,9822,10832
10065,9822,13398
8611,18604,109
8611,9822,109
10065,9822,13398
19730,9822,10832
16138,9822,10832
10065,9822,10832
10065,9822,10832
10065,9822,6088
10065,9822,18880
16138,9822,10832
10065,9822,10832
10065,9822,10832
10065,9822,13398
8611,18604,109
18298,18604,109
19730,9822,109
16138,9822,109
18298,18604,109
10065,9822,109
18298,18604,109
10065,9822,109
16138,9822,109
18298,18604,109
18298,18604,109
18298,18604,109
8611,18604,109
19730,9822,109
8611,9822,109
8611,9822,109
8611,9822,109
8611,9822,109
8611,9822,109
8611,9822,109
8611,18604,109
8611,9822,109
8611,18604,109
19730,9822,13398
16138,9822,13398
16138,9822,13398
10065,9822,13398
10065,9822,6088
10065,9822,13398
16138,9822,13398
16138,9822,13398
16138,9822,13398
16138,9822,13398
19730,9822,10832
19730,9822,10832
19730,9822,10832
19730,4035,6088
19730,9822,10832
19730,9822,10832
19730,9822,10832
19730,9822,10832
19730,9822,13398
10065,9822,10832
10065,9822,10832
10065,9822,6088
10065,9822,18880
16138,9822,10832
10065,9822,10832
10065,9822,10832
16138,9822,13398
10065,9822,10832
10065,9822,6088
10065,9822,18880
16138,9822,13398
16138,9822,109
10065,9822,10832
16138,9822,13398
10065,258,6088
10065,258,18880
16138,258,18880
10065,9822,10832
10065,9822,10832
10065,9822,13398
10065,9822,6088
16138,9822,6088
10065,9822,6088
10065,9822,6088
10065,9822,6088
16138,258,18880
10065,9822,18880
10065,9822,18880
10065,9822,13398
16138,9822,109
16138,9822,10832
16138,9822,13398
10065,6396,10832
10065,6396,10832
16138,9822,13398
