ID_groupA,ID_groupB,ID_groupC,ID_groupD,ID_groupE
10065,9822,10832,9301,15007
10065,9822,109,9301,6258
8611,9822,109,9301,6258
10065,9822,13398,9301,15007
19730,9822,10832,9301,15007
10065,9822,10832,9301,15007
10065,9822,10832,19221,15007
10065,9822,10832,9301,15007
10065,9822,6088,9301,15007
10065,9822,10832,9301,15007
10065,9822,10832,19221,15007
10065,9822,109,9301,6258
10065,9822,10832,19221,15007
10065,9822,13398,9301,15007
10065,9822,109,9301,6258
8611,9822,109,9301,6258
10065,9822,13398,9301,15007
19730,9822,10832,9301,15007
10065,9822,10832,9301,15007
10065,9822,10832,9301,15007
10065,9822,10832,9301,15007
10065,9822,6088,9301,15007
10065,9822,18880,9301,15007
16138,9822,10832,19221,15007
10065,9822,109,9301,6258
10065,9822,10832,9301,15007
10065,9822,13398,9301,15007
8611,9822,109,9301,6258
18298,18604,109,19221,15007
19730,9822,109,9301,15007
16138,9822,109,19221,15007
18298,18604,109,19221,15007
18298,18604,109,9301,15007
10065,9822,109,9301,15007
10065,9822,109,9301,15007
16138,9822,109,19221,15007
10065,9822,109,9301,15007
18298,9822,109,19221,15007
18298,18604,109,19221,15007
8611,9822,109,19221,15007
19730,9822,109,9301,15007
8611,9822,109,9301,15007
8611,9822,109,19221,15007
8611,9822,109,9301,15007
8611,9822,109,9301,15007
8611,9822,109,9301,15007
8611,9822,109,19221,15007
8611,9822,109,9301,15007
8611,9822,109,19221,15007
8611,9822,109,19221,15007
19730,9822,13398,9301,15007
10065,9822,13398,9301,15007
16138,9822,13398,19221,15007
10065,9822,13398,3322,15007
10065,9822,6088,9301,15007
10065,9822,13398,3322,15007
16138,9822,13398,19221,15007
10065,9822,13398,9301,15007
16138,9822,13398,19221,15007
16138,9822,13398,9301,15007
19730,9822,10832,9301,15007
19730,9822,10832,19221,15007
19730,9822,10832,9301,15007
19730,9822,6088,9301,15007
19730,9822,10832,9301,15007
19730,9822,10832,19221,15007
19730,9822,109,9301,6258
19730,9822,10832,19221,15007
19730,9822,13398,9301,15007
10065,9822,10832,9301,15007
10065,9822,10832,3322,15007
16138,9822,6088,9301,15007
10065,9822,18880,3322,15007
16138,9822,10832,9301,15007
10065,9822,109,9301,6258
10065,9822,10832,9301,15007
16138,9822,13398,9301,15007
10065,9822,10832,3322,15007
10065,9822,6088,9301,15007
10065,9822,18880,3322,15007
16138,9822,10832,9301,15007
16138,9822,109,9301,6258
10065,9822,10832,9301,15007
16138,9822,13398,19221,15007
16138,9822,6088,9301,15007
16138,258,18880,3322,15007
10065,9822,10832,19221,15007
10065,9822,109,3322,6258
10065,9822,10832,3322,15007
10065,9822,13398,3322,15007
10065,9822,6088,9301,15007
16138,9822,6088,19221,15007
10065,9822,6088,9301,15007
10065,9822,6088,9301,15007
10065,9822,6088,9301,15007
16138,9822,18880,3322,15007
10065,9822,109,3322,6258
10065,9822,18880,3322,15007
10065,9822,13398,3322,15007
16138,9822,109,9301,6258
16138,9822,10832,9301,15007
16138,9822,13398,19221,15007
10065,6396,10832,9301,15007
10065,6396,10832,9301,15007
10065,9822,13398,9301,15007
