ID_START_VERTEX,ID_END_VERTEX
9947,11650
9947,18183
9947,8749
9947,5719
9947,19723
9947,14379
9947,20467
9947,20005
9947,4061
9947,8378
9947,19589
9947,4197
9947,2542
9947,5842
11650,18183
11650,8749
11650,5719
11650,19723
11650,14379
11650,20467
11650,20005
11650,4061
11650,8378
11650,19589
11650,4197
11650,2542
11650,5842
18183,8749
18183,5719
18183,19723
18183,14379
18183,20467
18183,20005
18183,4061
18183,8378
18183,19589
18183,4197
18183,2542
18183,5842
8749,5719
8749,19723
8749,14379
8749,20467
8749,20005
8749,4061
8749,8378
8749,19589
8749,4197
8749,2542
8749,5842
5719,19723
5719,14379
5719,20467
5719,20005
5719,4061
5719,8378
5719,19589
5719,4197
5719,2542
5719,5842
19723,14379
19723,20467
19723,20005
19723,4061
19723,8378
19723,19589
19723,4197
19723,2542
19723,5842
14379,20467
14379,20005
14379,4061
14379,8378
14379,19589
14379,4197
14379,2542
14379,5842
20467,20005
20467,4061
20467,8378
20467,19589
20467,4197
20467,2542
20467,5842
20005,4061
20005,8378
20005,19589
20005,4197
20005,2542
20005,5842
4061,8378
4061,19589
4061,4197
4061,2542
4061,5842
8378,19589
8378,4197
8378,2542
8378,5842
19589,4197
19589,2542
19589,5842
4197,2542
4197,5842
2542,5842
