ID_groupA,ID_groupB,ID_groupC,ID_groupD
44614,41743,84647,48314
15340,21958,84647,38848
74284,74617,84647,12085
74284,74617,84647,72809
44614,41743,84647,48314
44614,41743,84647,48314
44614,41743,84647,48314
74284,74617,84647,72809
15340,21958,84647,38848
4563,21958,84647,12085
44614,41743,84647,48314
74284,74617,84647,12085
74284,74617,84647,72809
44614,41743,84647,48314
44614,21958,84647,48314
4563,74617,84647,12085
44614,74617,84647,48314
44614,74617,84647,48314
44614,41743,84647,48314
44614,41743,84647,48314
44614,41743,84647,48314
44614,21958,84647,48314
4563,21958,84647,48314
44614,41743,84647,48314
44614,74617,84647,48314
74284,74617,84647,48314
44614,41743,84647,72809
4563,74617,84647,12085
4563,74617,84647,12085
4563,21958,84647,62264
4563,21958,84647,12085
4563,21958,84647,12085
4563,41743,84647,48314
4563,21958,84647,48314
4563,21958,84647,38848
44614,21958,84647,72809
44614,21958,84647,48314
74284,21958,84647,38848
4563,21958,84647,12085
74284,21958,84647,38848
4563,21958,84647,38848
4563,21958,84647,38848
4563,21958,84647,38848
4563,21958,84647,38848
15340,21958,84647,12085
4563,21958,84647,38848
44614,21958,84647,38848
44614,21958,84647,48314
74284,21958,84647,38848
4563,21958,84647,38848
15340,74617,84647,12085
15340,74617,84647,12085
15340,74617,84647,12085
44614,74617,84647,48314
74284,74617,84647,38848
4563,74617,84647,12085
44614,74617,84647,48314
44614,74617,84647,48314
15340,74617,84647,12085
15340,74617,84647,12085
15340,74617,84647,12085
74284,41743,84647,72809
44614,74617,84647,48314
15340,21958,84647,38848
4563,21958,84647,12085
44614,41743,84647,48314
74284,74617,84647,12085
74284,74617,84647,12085
15340,74617,84647,12085
15340,74617,84647,12085
44614,41743,84647,48314
15340,21958,84647,38848
4563,21958,84647,12085
44614,41743,84647,48314
74284,74617,84647,12085
74284,74617,84647,12085
44614,41743,84647,48314
44614,41743,84647,48314
15340,21958,84647,38848
4563,21958,84647,12085
44614,41743,84647,48314
74284,74617,84647,12085
74284,74617,84647,12085
44614,41743,84647,48314
15340,21958,84647,38848
74284,74617,84647,12085
44614,41743,84647,48314
44614,41743,84647,48314
74284,74617,84647,48314
44614,41743,84647,72809
4563,21958,84647,38848
44614,21958,84647,72809
44614,21958,84647,48314
74284,21958,84647,62264
15340,21958,84647,38848
44614,36041,84647,72809
74284,74617,84647,12085
74284,74617,84647,12085
44614,41743,84647,72809
44614,74617,84647,12085
44614,41743,84647,48314
44614,41743,84647,72809
74284,21958,84647,38848
44614,41743,84647,72809
74284,74617,84647,12085
