ID_groupA,ID_groupB
44614,41743
4563,41743
74284,41743
74284,41743
74284,41743
82625,41743
74284,41743
74284,41743
74284,41743
4563,41743
44614,41743
74284,41743
74284,41743
44614,41743
4563,21958
4563,21958
74284,41743
74284,41743
82625,41743
74284,41743
4563,21958
4563,21958
4563,21958
44614,41743
4563,36041
74284,41743
44614,41743
4563,21958
74284,21958
74284,21958
74284,21958
74284,21958
4563,21958
4563,21958
4563,21958
44614,21958
4563,21958
74284,21958
4563,41743
74284,21958
74284,21958
74284,21958
74284,21958
4563,21958
15340,21958
4563,21958
44614,21958
4563,21958
74284,21958
74284,41743
74284,74617
74284,74617
74284,74617
74284,74617
74284,21958
4563,21958
44614,41743
74284,74617
74284,74617
74284,41743
82625,41743
74284,74617
74284,74617
74284,21958
74284,21958
44614,41743
74284,74617
74284,74617
74284,41743
82625,78261
82625,41743
74284,21958
4563,41743
44614,41743
82625,41743
74284,41743
82625,41743
74284,41743
74284,21958
4563,41743
44614,41743
82625,78261
74284,74617
74284,41743
4563,21958
4563,21958
44614,41743
74284,74617
74284,41743
74284,41743
4563,21958
44614,21958
4563,21958
74284,21958
74284,41743
44614,41743
4563,21958
4563,21958
4563,41743
44614,41743
44614,41743
44614,41743
74284,74617
74284,41743
74284,41743
