ID_START_VERTEX,ID_END_VERTEX
17057,798
17057,25852
17057,26309
17057,74393
17057,17819
17057,83242
17057,85578
17057,41928
17057,64808
17057,24750
17057,44662
17057,73635
17057,87971
17057,48907
798,25852
798,26309
798,74393
798,17819
798,83242
798,85578
798,41928
798,64808
798,24750
798,44662
798,73635
798,87971
798,48907
25852,26309
25852,74393
25852,17819
25852,83242
25852,85578
25852,41928
25852,64808
25852,24750
25852,44662
25852,73635
25852,87971
25852,48907
26309,74393
26309,17819
26309,83242
26309,85578
26309,41928
26309,64808
26309,24750
26309,44662
26309,73635
26309,87971
26309,48907
74393,17819
74393,83242
74393,85578
74393,41928
74393,64808
74393,24750
74393,44662
74393,73635
74393,87971
74393,48907
17819,83242
17819,85578
17819,41928
17819,64808
17819,24750
17819,44662
17819,73635
17819,87971
17819,48907
83242,85578
83242,41928
83242,64808
83242,24750
83242,44662
83242,73635
83242,87971
83242,48907
85578,41928
85578,64808
85578,24750
85578,44662
85578,73635
85578,87971
85578,48907
41928,64808
41928,24750
41928,44662
41928,73635
41928,87971
41928,48907
64808,24750
64808,44662
64808,73635
64808,87971
64808,48907
24750,44662
24750,73635
24750,87971
24750,48907
44662,73635
44662,87971
44662,48907
73635,87971
73635,48907
87971,48907
