ID_groupA,ID_groupB
33243,38285
53384,37362
53384,3715
33243,38285
33243,54390
47560,37362
33243,37362
33243,37362
33243,37362
33243,38285
53384,37362
33243,37362
12196,38285
33243,38285
53384,38285
53384,38285
33243,38285
33243,54390
33243,38285
53384,38285
33243,38285
33243,38285
33243,38285
53384,38285
33243,38285
12196,38285
33243,38285
53384,3715
12196,3715
53384,54390
53384,37362
53384,3715
33243,37362
33243,37362
53384,38285
53384,3715
53384,37362
12196,3715
53384,3715
12196,54390
12196,54390
53384,3715
53384,3715
33243,3715
33243,3715
12196,54390
53384,3715
53384,37362
12196,3715
53384,3715
12196,54390
33243,38285
53384,38285
33243,38285
33243,38285
33243,38285
53384,38285
33243,38285
12196,54390
33243,38285
33243,54390
33243,54390
33243,54390
33243,54390
33243,54390
53384,54390
33243,54390
12196,54390
33243,54390
47560,37362
33243,37362
33243,37362
33243,37362
53384,37362
47560,37362
53384,3715
47560,37362
33243,37362
33243,37362
33243,37362
53384,3715
53384,37362
53384,3715
53384,3715
33243,38285
33243,38285
33243,37362
33243,37362
12196,38285
33243,38285
33243,38285
33243,37362
33243,37362
12196,38285
33243,38285
53384,38285
33243,37362
12196,54390
33243,38285
53384,37362
53384,3715
53384,3715
12196,37362
33243,37362
12196,3715
