ID_groupA,ID_groupB,ID_groupC
33243,38285,53927
53384,37362,53927
53384,3715,9703
33243,38285,53927
33243,54390,6502
47560,37362,53927
33243,37362,53927
33243,37362,53927
33243,37362,6502
33243,37362,6502
53384,37362,53927
33243,37362,53927
12196,3715,53927
33243,38285,53927
53384,38285,53927
53384,38285,9703
33243,38285,53927
33243,54390,53927
47560,37362,53927
53384,38285,53927
33243,38285,53927
33243,38285,6502
33243,38285,6502
53384,38285,53927
33243,38285,53927
12196,38285,53927
33243,38285,53927
53384,3715,9703
53384,38285,53927
53384,54390,53927
47560,37362,33875
53384,37362,53927
33243,3715,53927
33243,37362,6502
53384,38285,53927
53384,3715,50720
53384,37362,53927
12196,3715,9703
53384,37362,53927
12196,3715,9703
12196,54390,9703
53384,3715,9703
53384,3715,9703
33243,3715,9703
33243,3715,6502
12196,54390,9703
53384,3715,9703
53384,37362,9703
12196,3715,9703
53384,3715,9703
33243,54390,53927
47560,38285,53927
53384,38285,53927
33243,38285,53927
33243,38285,6502
33243,38285,6502
53384,38285,53927
33243,38285,53927
12196,38285,53927
33243,38285,53927
47560,54390,53927
53384,54390,53927
33243,54390,53927
33243,54390,6502
33243,54390,6502
53384,54390,53927
33243,54390,6502
12196,54390,53927
33243,54390,53927
47560,37362,33875
33243,37362,53927
33243,37362,6502
33243,37362,6502
47560,37362,33875
47560,37362,33875
12196,37362,53927
47560,37362,53927
33243,37362,53927
33243,37362,6502
33243,37362,6502
53384,37362,53927
53384,37362,53927
53384,3715,9703
53384,37362,53927
33243,38285,6502
33243,38285,53927
33243,37362,53927
33243,37362,53927
33243,3715,53927
33243,38285,53927
33243,38285,6502
33243,37362,6502
33243,37362,6502
12196,38285,6502
33243,38285,6502
53384,38285,53927
33243,37362,6502
12196,38285,53927
33243,38285,6502
53384,37362,53927
53384,3715,9703
53384,37362,53927
12196,37362,53927
33243,37362,53927
12196,3715,9703
