ID_groupA,ID_groupB,ID_groupC,ID_groupD
33243,38285,53927,18189
53384,37362,53927,18189
53384,37362,9703,18189
33243,38285,53927,52843
33243,54390,6502,8962
47560,37362,53927,18189
33243,37362,53927,18189
33243,37362,53927,18189
33243,37362,6502,18189
33243,37362,6502,8962
53384,37362,53927,18189
33243,37362,53927,18189
12196,38285,53927,52843
33243,37362,53927,18189
53384,38285,53927,18189
53384,38285,9703,18189
33243,38285,53927,52843
33243,54390,6502,8962
47560,38285,53927,18189
33243,38285,53927,18189
33243,38285,6502,8962
33243,38285,6502,19122
33243,38285,6502,8962
53384,38285,53927,18189
47560,38285,53927,18189
12196,38285,53927,52843
53384,38285,53927,18189
53384,3715,9703,18189
53384,38285,53927,52843
33243,54390,6502,8962
47560,37362,53927,18189
53384,37362,53927,18189
33243,37362,53927,18189
33243,37362,6502,18189
53384,38285,53927,8962
53384,37362,53927,18189
53384,37362,53927,18189
12196,38285,53927,52843
53384,37362,53927,18189
12196,3715,9703,52843
12196,54390,9703,52843
53384,3715,9703,18189
53384,3715,9703,18189
33243,3715,9703,18189
33243,3715,6502,18189
12196,54390,9703,8962
53384,3715,9703,18189
53384,3715,9703,18189
12196,3715,9703,52843
53384,3715,9703,18189
33243,54390,6502,8962
47560,38285,53927,18189
53384,38285,53927,52843
33243,38285,53927,52843
33243,38285,6502,52843
33243,38285,6502,8962
53384,38285,53927,52843
33243,38285,53927,52843
12196,38285,53927,52843
33243,38285,53927,52843
33243,54390,6502,8962
33243,54390,6502,8962
33243,54390,6502,8962
33243,54390,6502,8962
33243,54390,6502,8962
33243,54390,6502,8962
33243,54390,6502,8962
12196,54390,9703,52843
33243,54390,6502,8962
47560,37362,33875,18189
33243,37362,53927,18189
33243,37362,6502,18189
33243,37362,6502,8962
47560,37362,33875,18189
47560,37362,33875,19122
53384,3715,9703,18189
47560,37362,53927,18189
33243,37362,53927,18189
33243,37362,6502,18189
33243,37362,6502,8962
53384,37362,53927,18189
47560,37362,33875,18189
53384,3715,9703,18189
33243,37362,53927,18189
33243,37362,6502,19122
33243,38285,53927,8962
33243,37362,53927,18189
33243,37362,53927,18189
33243,38285,53927,52843
33243,37362,53927,18189
33243,38285,6502,8962
33243,37362,6502,18189
33243,37362,6502,18189
12196,38285,6502,52843
33243,37362,6502,18189
53384,38285,53927,8962
33243,37362,6502,8962
12196,38285,53927,8962
33243,38285,6502,8962
53384,37362,53927,18189
53384,38285,53927,52843
53384,37362,53927,18189
12196,37362,53927,52843
33243,37362,53927,18189
12196,38285,53927,52843
