ID_groupA,ID_groupB,ID_groupC,ID_groupD,ID_groupE
33243,38285,53927,18189,31799
53384,37362,53927,18189,31799
53384,3715,9703,18189,31799
33243,38285,53927,52843,31799
33243,54390,6502,8962,31799
47560,37362,53927,18189,31799
47560,37362,53927,18189,31799
33243,37362,53927,18189,31799
33243,37362,6502,19122,31799
33243,37362,6502,8962,31799
53384,37362,53927,18189,31799
33243,37362,53927,18189,31799
53384,3715,53927,18189,4595
33243,37362,53927,18189,37788
53384,38285,53927,18189,37788
53384,38285,9703,18189,31799
12196,38285,53927,52843,4595
33243,54390,6502,8962,31799
47560,38285,53927,18189,37788
33243,38285,53927,18189,31799
33243,38285,53927,18189,31799
33243,38285,6502,19122,31799
33243,38285,6502,8962,31799
53384,38285,53927,18189,37788
33243,38285,53927,18189,31799
53384,38285,53927,18189,4595
53384,38285,53927,18189,37788
53384,3715,9703,18189,37788
53384,38285,53927,52843,37788
33243,54390,6502,8962,37788
53384,37362,33875,18189,31799
53384,37362,53927,18189,37788
33243,37362,53927,18189,31799
53384,37362,6502,19122,31799
53384,38285,53927,8962,37788
53384,37362,53927,18189,37788
53384,37362,33875,18189,31799
12196,38285,53927,52843,37788
53384,37362,53927,18189,31799
12196,3715,9703,52843,4595
12196,54390,9703,52843,4595
53384,3715,9703,18189,31799
53384,37362,9703,18189,31799
33243,3715,9703,18189,31799
33243,3715,6502,18189,31799
53384,38285,9703,8962,37788
53384,3715,9703,18189,37788
53384,3715,9703,18189,31799
12196,3715,9703,52843,4595
53384,3715,9703,18189,37788
12196,54390,53927,52843,4595
47560,38285,53927,52843,31799
53384,38285,53927,52843,37788
33243,38285,53927,52843,31799
33243,38285,6502,52843,31799
33243,38285,6502,8962,31799
53384,38285,53927,52843,37788
33243,38285,53927,52843,31799
12196,38285,53927,52843,4595
33243,38285,53927,52843,37788
33243,54390,6502,8962,31799
33243,54390,53927,18189,31799
33243,54390,6502,8962,31799
33243,54390,6502,19122,31799
33243,54390,6502,8962,31799
53384,54390,53927,8962,37788
33243,54390,6502,8962,31799
12196,54390,53927,8962,4595
33243,54390,6502,8962,37788
47560,37362,33875,18189,31799
33243,37362,53927,18189,31799
33243,37362,6502,18189,31799
33243,37362,6502,8962,31799
47560,37362,33875,18189,31799
47560,37362,33875,18189,31799
12196,37362,53927,18189,4595
47560,37362,53927,18189,31799
33243,37362,53927,18189,31799
33243,37362,6502,18189,31799
33243,37362,6502,8962,31799
53384,37362,53927,18189,37788
47560,37362,33875,18189,31799
12196,37362,53927,18189,4595
47560,37362,53927,18189,31799
33243,37362,6502,19122,31799
33243,37362,6502,8962,31799
33243,37362,53927,18189,31799
33243,37362,53927,18189,31799
33243,3715,53927,18189,4595
33243,37362,53927,18189,37788
33243,37362,6502,8962,31799
53384,37362,6502,19122,31799
33243,37362,6502,18189,31799
33243,37362,6502,18189,4595
33243,37362,6502,18189,37788
53384,38285,53927,8962,37788
33243,37362,6502,8962,31799
12196,38285,53927,8962,4595
33243,37362,6502,8962,37788
47560,37362,33875,18189,31799
12196,37362,53927,18189,4595
53384,37362,53927,18189,31799
12196,37362,53927,18189,4595
47560,37362,53927,18189,31799
12196,38285,53927,52843,37788
