ID_START_VERTEX,ID_END_VERTEX
30846,41068
30846,28097
30846,13196
30846,32067
30846,54544
30846,47765
30846,49953
30846,43864
30846,6499
30846,8962
30846,55168
30846,21740
30846,12176
30846,37778
41068,28097
41068,13196
41068,32067
41068,54544
41068,47765
41068,49953
41068,43864
41068,6499
41068,8962
41068,55168
41068,21740
41068,12176
41068,37778
28097,13196
28097,32067
28097,54544
28097,47765
28097,49953
28097,43864
28097,6499
28097,8962
28097,55168
28097,21740
28097,12176
28097,37778
13196,32067
13196,54544
13196,47765
13196,49953
13196,43864
13196,6499
13196,8962
13196,55168
13196,21740
13196,12176
13196,37778
32067,54544
32067,47765
32067,49953
32067,43864
32067,6499
32067,8962
32067,55168
32067,21740
32067,12176
32067,37778
54544,47765
54544,49953
54544,43864
54544,6499
54544,8962
54544,55168
54544,21740
54544,12176
54544,37778
47765,49953
47765,43864
47765,6499
47765,8962
47765,55168
47765,21740
47765,12176
47765,37778
49953,43864
49953,6499
49953,8962
49953,55168
49953,21740
49953,12176
49953,37778
43864,6499
43864,8962
43864,55168
43864,21740
43864,12176
43864,37778
6499,8962
6499,55168
6499,21740
6499,12176
6499,37778
8962,55168
8962,21740
8962,12176
8962,37778
55168,21740
55168,12176
55168,37778
21740,12176
21740,37778
12176,37778
