ID_groupA,ID_groupB,ID_groupC,ID_groupD,ID_groupE
42240,5703,39507,8108,2649
5927,62494,39507,31892,5225
42240,62494,39507,31288,5225
42240,5703,39507,8108,2649
14132,62494,39507,31892,5225
31762,5703,39507,58437,16576
31762,62494,39507,8108,2649
42240,5703,39507,58437,2649
5927,39309,39507,52855,5225
42240,5703,39507,58437,16576
42240,5703,39507,8108,2649
5927,62494,39507,31892,5225
5927,62494,39507,52855,5225
31762,62494,39507,8108,2649
5927,14898,39507,31892,2649
42240,66659,39507,31288,2649
31762,5703,39507,8108,2649
14132,14898,39507,31892,2649
5927,14898,39507,31892,2649
42240,62494,39507,31288,2649
5927,5703,39507,8108,16576
5927,39309,39507,52855,2649
42240,5703,39507,8108,2649
31762,5703,39507,8108,2649
5927,5703,39507,31892,16576
31762,39309,39507,8108,2649
42240,62494,39507,31288,2649
5927,5703,39507,31288,16576
5927,5703,39507,31892,2649
14132,39309,39507,52855,65356
42240,39309,39507,52855,16576
5927,62494,39507,31892,16576
14998,5703,39507,58437,2649
5927,39309,39507,31892,16576
5927,39309,39507,52855,2649
5927,5703,39507,31892,2649
5927,5703,39507,31892,16576
5927,39309,39507,52855,16576
5927,62494,39507,31892,16576
14132,66659,39507,31288,65356
14132,66659,39507,31288,65356
5927,5703,39507,31288,16576
42240,62494,39507,31288,2649
42240,66659,39507,8108,2649
5927,39309,39507,31288,16576
42240,66659,39507,31288,2649
42240,5703,39507,31288,2649
5927,5703,39507,31892,16576
5927,5703,39507,31288,16576
42240,62494,39507,31288,2649
14132,5703,39507,31892,2649
5927,5703,39507,52855,2649
5927,62494,39507,31892,65356
31762,5703,39507,8108,2649
5927,39309,39507,52855,16576
42240,5703,39507,58437,2649
5927,5703,39507,31892,65356
5927,5703,39507,31892,2649
5927,5703,39507,52855,2649
5927,62494,39507,31892,65356
14132,14898,39507,8108,16576
14132,62494,39507,31892,5225
14132,14898,39507,8108,2649
14132,39309,39507,52855,65356
14132,14898,39507,31892,65356
14132,5703,39507,31892,2649
14132,14898,39507,31892,65356
14132,39309,39507,52855,65356
14132,62494,39507,31892,65356
5927,62494,39507,31892,65356
42240,5703,39507,58437,16576
5927,39309,39507,31892,65356
42240,5703,39507,58437,16576
5927,5703,39507,31892,65356
5927,5703,39507,31892,16576
42240,39309,39507,52855,16576
5927,62494,39507,31892,65356
42240,62494,39507,8108,2649
5927,39309,39507,52855,30614
42240,62494,39507,8108,2649
42240,5703,39507,8108,2649
5927,62494,39507,31892,16576
5927,62494,39507,52855,16576
42240,62494,39507,8108,2649
5927,39309,39507,52855,16576
42240,5703,39507,58437,2649
31762,5703,39507,8108,2649
5927,5703,39507,31892,16576
5927,5703,39507,52855,16576
42240,62494,39507,8108,2649
42240,39309,39507,31288,2649
5927,5703,39507,52855,2649
5927,39309,39507,31892,16576
5927,39309,39507,52855,16576
5927,62494,39507,52855,16576
42240,5703,39507,8108,2649
5927,5703,39507,31892,16576
42240,39309,39507,31288,2649
42240,62494,39507,8108,2649
5927,5703,39507,31892,2649
5927,5703,39507,52855,2649
5927,62494,39507,52855,16576
5927,39309,39507,31892,16576
5927,62494,39507,31892,16576
5927,62494,39507,52855,16576
