ID_groupA,ID_groupB,ID_groupC
31762,5703,39507
31762,14898,39507
31762,66659,39507
31762,5703,39507
14132,62494,39507
5927,62494,39507
31762,66659,39507
31762,5703,39507
31762,39309,39507
42240,5703,39507
31762,5703,39507
31762,14898,39507
31762,39309,39507
31762,62494,39507
14998,14898,39507
42240,5703,39507
42240,5703,39507
14132,14898,39507
5927,14898,39507
42240,62494,39507
31762,5703,39507
31762,39309,39507
42240,66659,39507
42240,5703,39507
14998,14898,39507
31762,39309,39507
42240,62494,39507
5927,66659,39507
5927,5703,39507
14132,14898,39507
42240,14898,39507
5927,62494,39507
31762,14898,39507
5927,39309,39507
14998,14898,39507
5927,5703,39507
14998,14898,39507
5927,39309,39507
5927,62494,39507
42240,5703,39507
14132,66659,39507
5927,66659,39507
42240,62494,39507
31762,66659,39507
5927,39309,39507
42240,66659,39507
42240,5703,39507
5927,66659,39507
5927,66659,39507
42240,62494,39507
14132,5703,39507
5927,5703,39507
5927,62494,39507
31762,5703,39507
5927,39309,39507
42240,5703,39507
5927,5703,39507
5927,5703,39507
5927,5703,39507
5927,62494,39507
14132,14898,39507
14132,62494,39507
14132,14898,39507
14132,39309,39507
14132,14898,39507
14132,5703,39507
14132,14898,39507
14132,39309,39507
14132,62494,39507
5927,62494,39507
5927,14898,39507
5927,39309,39507
5927,14898,39507
5927,5703,39507
42240,14898,39507
5927,39309,39507
5927,62494,39507
31762,66659,39507
14998,62494,39507
42240,62494,39507
42240,5703,39507
5927,62494,39507
5927,62494,39507
42240,62494,39507
31762,39309,39507
42240,66659,39507
31762,5703,39507
31762,14898,39507
31762,39309,39507
31762,62494,39507
5927,39309,39507
14998,5703,39507
5927,39309,39507
5927,39309,39507
14998,62494,39507
42240,5703,39507
14998,14898,39507
42240,66659,39507
42240,62494,39507
5927,5703,39507
5927,5703,39507
42240,5703,39507
5927,39309,39507
5927,62494,39507
5927,62494,39507
