ID_groupA,ID_groupB,ID_groupC,ID_groupD
31762,5703,39507,8108
31762,39309,39507,52855
31762,66659,39507,31288
31762,5703,39507,58437
14132,14898,39507,31892
5927,14898,39507,31892
31762,62494,39507,8108
31762,5703,39507,58437
5927,39309,39507,52855
42240,5703,39507,58437
31762,5703,39507,58437
5927,62494,39507,31892
31762,39309,39507,52855
31762,62494,39507,8108
31762,14898,39507,8108
42240,5703,39507,31288
31762,5703,39507,8108
14132,14898,39507,8108
5927,14898,39507,31892
31762,5703,39507,8108
31762,5703,39507,8108
31762,39309,39507,8108
42240,5703,39507,8108
31762,5703,39507,8108
5927,39309,39507,31892
31762,39309,39507,8108
31762,62494,39507,8108
5927,66659,39507,31288
5927,5703,39507,31892
14132,39309,39507,52855
5927,14898,39507,31892
5927,62494,39507,31892
14998,5703,39507,58437
5927,39309,39507,31892
42240,39309,39507,31288
5927,5703,39507,31892
5927,39309,39507,31892
5927,39309,39507,52855
5927,62494,39507,31892
42240,5703,39507,31288
14132,66659,39507,31288
5927,66659,39507,31288
42240,62494,39507,31288
31762,66659,39507,31288
5927,39309,39507,31288
42240,66659,39507,31288
42240,5703,39507,31288
5927,66659,39507,31892
5927,66659,39507,31288
42240,62494,39507,31288
14132,5703,39507,8108
5927,39309,39507,52855
5927,62494,39507,31892
31762,5703,39507,8108
5927,39309,39507,52855
42240,5703,39507,8108
42240,5703,39507,58437
5927,5703,39507,31892
5927,5703,39507,52855
5927,62494,39507,31892
14132,14898,39507,31892
14132,62494,39507,31892
14132,14898,39507,58437
14132,39309,39507,31288
14132,14898,39507,31892
14132,5703,39507,8108
14132,14898,39507,31892
14132,39309,39507,31288
14132,62494,39507,31892
5927,62494,39507,52855
5927,14898,39507,31892
5927,39309,39507,31288
42240,5703,39507,58437
5927,5703,39507,58437
5927,39309,39507,31892
42240,39309,39507,52855
5927,62494,39507,52855
42240,5703,39507,58437
5927,39309,39507,52855
42240,62494,39507,31288
31762,5703,39507,8108
5927,62494,39507,31892
5927,62494,39507,52855
42240,62494,39507,31288
31762,39309,39507,8108
42240,66659,39507,8108
31762,5703,39507,8108
5927,39309,39507,31892
31762,39309,39507,52855
31762,62494,39507,8108
42240,39309,39507,31288
5927,5703,39507,52855
5927,39309,39507,31892
5927,39309,39507,52855
5927,62494,39507,52855
42240,5703,39507,58437
5927,39309,39507,31892
42240,39309,39507,31288
42240,62494,39507,31288
5927,5703,39507,31892
5927,5703,39507,52855
31762,5703,39507,8108
5927,39309,39507,31892
5927,62494,39507,31892
5927,62494,39507,52855
