ID_groupA,ID_groupB
31762,5703
5927,5703
42240,62494
31762,5703
14132,5703
31762,5703
31762,62494
31762,5703
42240,39309
42240,62494
31762,5703
5927,5703
42240,39309
31762,62494
5927,5703
42240,5703
42240,5703
14132,5703
5927,5703
42240,5703
42240,5703
42240,39309
42240,5703
42240,5703
5927,5703
5927,5703
42240,62494
5927,39309
5927,5703
14132,14898
5927,14898
42240,66659
5927,5703
5927,39309
42240,39309
5927,5703
14998,14898
5927,39309
42240,62494
42240,5703
5927,39309
5927,39309
42240,66659
42240,5703
42240,39309
42240,66659
42240,5703
5927,39309
42240,39309
42240,62494
14132,5703
5927,5703
42240,5703
31762,5703
5927,39309
42240,5703
5927,5703
5927,5703
5927,5703
42240,5703
5927,14898
14132,5703
14132,5703
14132,14898
14132,5703
14132,5703
14132,14898
14132,14898
14132,5703
42240,66659
5927,5703
5927,39309
42240,5703
5927,5703
5927,14898
5927,39309
42240,62494
31762,62494
42240,39309
42240,66659
42240,5703
5927,66659
42240,39309
42240,62494
42240,39309
42240,5703
31762,5703
5927,5703
5927,5703
31762,62494
42240,39309
5927,39309
5927,39309
5927,39309
42240,62494
42240,5703
42240,5703
42240,39309
42240,62494
5927,5703
5927,5703
42240,5703
5927,39309
42240,62494
42240,62494
