ID_START_VERTEX,ID_END_VERTEX
21637,45908
21637,68172
21637,44453
21637,8374
21637,14126
21637,36335
21637,51857
21637,15476
21637,5969
21637,5247
21637,2079
21637,114
21637,18436
21637,76497
45908,68172
45908,44453
45908,8374
45908,14126
45908,36335
45908,51857
45908,15476
45908,5969
45908,5247
45908,2079
45908,114
45908,18436
45908,76497
68172,44453
68172,8374
68172,14126
68172,36335
68172,51857
68172,15476
68172,5969
68172,5247
68172,2079
68172,114
68172,18436
68172,76497
44453,8374
44453,14126
44453,36335
44453,51857
44453,15476
44453,5969
44453,5247
44453,2079
44453,114
44453,18436
44453,76497
8374,14126
8374,36335
8374,51857
8374,15476
8374,5969
8374,5247
8374,2079
8374,114
8374,18436
8374,76497
14126,36335
14126,51857
14126,15476
14126,5969
14126,5247
14126,2079
14126,114
14126,18436
14126,76497
36335,51857
36335,15476
36335,5969
36335,5247
36335,2079
36335,114
36335,18436
36335,76497
51857,15476
51857,5969
51857,5247
51857,2079
51857,114
51857,18436
51857,76497
15476,5969
15476,5247
15476,2079
15476,114
15476,18436
15476,76497
5969,5247
5969,2079
5969,114
5969,18436
5969,76497
5247,2079
5247,114
5247,18436
5247,76497
2079,114
2079,18436
2079,76497
114,18436
114,76497
18436,76497
