ID_groupA,ID_groupB,ID_groupC
3749,605,9375
3749,47436,9562
15965,605,14944
25934,47436,14944
23418,47436,9375
25271,605,14944
25934,47436,14944
3749,47436,9375
3749,43205,9375
23418,47436,9375
25934,47436,14944
15965,605,14944
3749,47436,9375
3749,47436,9375
25271,605,9562
25271,6653,9562
25934,605,14944
3749,605,9375
25271,605,9562
25934,605,14944
3749,605,9562
25271,43205,47684
3749,605,9375
25934,605,14944
15965,605,12033
25934,605,14944
3749,605,9562
25271,6653,9562
25934,605,9562
3749,20230,9562
25271,6653,9562
25271,605,9562
3749,43205,9562
25271,43205,9562
3749,43205,9375
25271,605,14944
15965,605,9562
25271,605,9562
3749,20230,9562
15965,6653,12033
25271,6653,9562
25271,6653,9562
15965,605,14944
25271,6653,9562
25271,43205,9562
15965,605,9375
15965,605,14944
15965,6653,12033
15965,605,14944
25271,6653,9562
3749,605,12033
15965,6653,12033
25934,605,14944
25934,605,14944
25934,605,9562
25934,47436,14944
25934,47436,14944
15965,605,12033
25934,605,14944
3749,605,12033
25271,20230,9562
3749,605,14944
3749,20230,9375
3749,43205,9562
3749,20230,9375
23418,47436,9375
15965,605,9375
23418,47436,9375
3749,20230,9375
25271,605,9562
25271,6653,9562
25271,43205,9562
25271,605,9375
25271,605,14944
25271,605,9562
25271,605,9562
25271,6653,9562
3749,605,14944
3749,43205,14944
3749,605,9375
25934,47436,14944
15965,605,14944
25934,605,14944
3749,605,14944
3749,43205,9562
3749,47436,9375
3749,47436,9375
15965,605,9562
3749,605,9562
3749,43205,9562
3749,43205,9375
3749,43205,14944
15965,43205,9562
3749,43205,9562
3749,43205,9562
23418,47436,9375
15965,605,9375
3749,605,9375
3749,20230,9375
15965,605,14944
3749,47436,9375
3749,47436,9375
15965,605,14944
15965,605,9562
3749,605,9562
