ID_groupA,ID_groupB,ID_groupC,ID_groupD
3749,605,9375,23570
3749,47436,9562,48743
15965,605,14944,23570
25934,47436,14944,48743
23418,47436,9375,48743
25271,605,9562,48743
25934,47436,14944,48743
3749,47436,9375,48743
3749,43205,9562,48743
3749,47436,9375,48743
25934,47436,14944,37892
15965,605,14944,23570
3749,47436,9375,48743
3749,47436,9375,48743
25271,6653,9562,23570
25271,6653,9562,23570
15965,605,12033,23570
23418,605,9375,48743
25271,605,9562,23570
25934,605,14944,48743
3749,605,9375,48743
25271,43205,9562,23570
23418,605,9375,48743
25934,605,14944,37892
15965,605,12033,23570
3749,605,9375,48743
3749,605,9375,48743
15965,605,9562,23570
25271,605,12033,23570
3749,605,9562,48743
25271,605,9562,23570
25271,605,14944,23570
3749,605,9562,48743
25271,43205,9562,22042
3749,47436,9562,48743
3749,47436,9562,37892
15965,605,9562,23570
25271,605,9562,48743
3749,605,9562,48743
15965,6653,12033,23570
15965,605,9375,48743
25271,605,9562,23570
15965,605,14944,23570
15965,605,9562,23570
25271,43205,9562,23570
15965,605,9375,48743
15965,605,14944,23570
15965,605,12033,23570
15965,605,14944,23570
15965,605,9562,23570
23418,605,9375,48743
15965,6653,12033,23570
15965,605,12033,23570
15965,605,12033,23570
15965,43205,9562,23570
25934,47436,14944,48743
25934,47436,14944,37892
15965,605,12033,23570
15965,605,12033,23570
3749,605,12033,48743
25271,605,9375,48743
3749,20230,14944,48743
23418,605,9375,48743
3749,43205,9375,48743
3749,20230,9375,48743
23418,47436,9375,37892
15965,605,9375,48743
23418,605,9375,48743
3749,20230,9375,48743
25271,605,14944,23570
25271,605,9562,48743
25271,43205,9562,22042
25271,605,9375,48743
25271,605,14944,37892
25271,605,9562,23570
25271,605,9562,48743
25271,605,9562,23570
3749,47436,14944,48743
3749,43205,14944,48743
23418,605,9375,48743
25934,47436,14944,37892
15965,605,14944,23570
25934,605,14944,48743
3749,20230,14944,48743
3749,43205,9562,48743
3749,605,9375,48743
3749,47436,9375,37892
15965,605,9562,23570
3749,47436,9375,48743
3749,605,9562,48743
3749,43205,9375,48743
3749,43205,14944,48743
15965,43205,9562,23570
3749,43205,9562,48743
3749,43205,9562,48743
23418,47436,9375,37892
15965,605,9375,48743
23418,605,9375,48743
3749,20230,9375,48743
15965,605,14944,23570
3749,47436,9375,48743
3749,47436,9375,37892
15965,605,14944,23570
15965,605,9562,23570
3749,20230,9375,48743
