ID_groupA,ID_groupB,ID_groupC,ID_groupD,ID_groupE
25934,47436,14944,23570,19944
3749,47436,9562,48743,10051
15965,605,9375,48743,19944
25934,605,12033,48743,19944
23418,47436,9375,48743,14542
25271,605,9562,48743,10051
25934,605,9375,48743,19944
3749,47436,9375,48743,14542
3749,43205,9562,48743,10051
23418,47436,9375,48743,14542
25934,47436,14944,37892,30897
15965,605,9375,48743,19944
3749,47436,9375,48743,14542
23418,20230,9375,48743,14542
25271,6653,9562,23570,10051
25271,6653,9562,23570,11592
25934,605,12033,23570,19944
23418,605,9375,48743,14542
25271,605,9562,23570,10051
25934,605,14944,23570,19944
3749,605,9375,48743,14542
25271,43205,47684,23570,10051
23418,605,9375,48743,14542
25934,605,14944,37892,19944
15965,605,12033,23570,19944
25934,605,14944,48743,19944
23418,605,9375,48743,14542
15965,605,9562,23570,10051
25271,605,12033,23570,19944
3749,605,9562,48743,10051
25271,605,9562,23570,10051
3749,43205,14944,48743,10051
3749,605,9562,48743,10051
25271,43205,9562,22042,10051
3749,43205,9375,48743,10051
3749,47436,9562,37892,10051
15965,605,9562,23570,10051
3749,43205,9562,48743,10051
3749,605,9562,48743,10051
15965,6653,12033,23570,11592
15965,605,9375,48743,14542
25271,6653,9562,23570,11592
15965,605,14944,48743,19944
3749,6653,9562,23570,11592
25271,43205,9562,23570,11592
15965,605,9375,48743,19944
15965,605,14944,37892,19944
15965,605,12033,23570,19944
15965,605,14944,48743,19944
15965,605,9562,23570,11592
23418,605,9375,48743,14542
25271,605,12033,23570,19944
15965,605,12033,23570,19944
3749,605,12033,48743,19944
25271,43205,9562,23570,19944
25934,605,9375,48743,19944
25934,605,14944,37892,19944
15965,605,12033,23570,19944
25934,605,12033,48743,19944
3749,605,12033,48743,19944
25271,605,9375,48743,14542
23418,605,9375,48743,14542
3749,47436,9375,48743,14542
3749,43205,9375,48743,14542
23418,47436,9375,48743,14542
23418,47436,9375,37892,14542
15965,605,9375,48743,14542
23418,605,9375,48743,14542
3749,20230,9375,48743,14542
25934,6653,14944,23570,19944
25271,605,9562,48743,10051
25271,43205,9562,22042,10051
23418,605,9375,48743,14542
25934,6653,14944,23570,19944
15965,6653,12033,23570,19944
25271,605,9562,48743,10051
25271,605,9562,23570,19944
3749,605,9375,48743,19944
3749,43205,9562,48743,10051
25934,605,9375,48743,19944
25934,605,14944,37892,19944
15965,605,14944,48743,19944
25934,605,14944,48743,19944
3749,605,9375,48743,19944
3749,43205,9562,48743,10051
23418,605,9375,48743,14542
25934,605,14944,37892,19944
3749,605,9375,48743,19944
3749,20230,9375,48743,14542
3749,20230,9375,48743,14542
3749,43205,9562,48743,10051
3749,43205,9562,48743,10051
15965,43205,9562,23570,10051
3749,43205,9562,48743,10051
3749,43205,9562,48743,10051
23418,47436,9375,37892,14542
15965,605,9375,48743,19944
23418,605,9375,48743,14542
3749,20230,9375,48743,14542
15965,605,14944,37892,19944
25934,605,14944,37892,19944
23418,47436,9375,37892,14542
15965,605,14944,48743,19944
15965,605,9562,23570,19944
23418,20230,9375,48743,14542
