ID_groupA,ID_groupB
3749,605
3749,47436
15965,605
25934,47436
23418,47436
25271,605
25934,47436
3749,47436
3749,43205
23418,47436
25934,47436
15965,605
3749,47436
3749,47436
25271,605
15965,605
25934,605
3749,605
25271,605
25934,605
3749,605
25271,43205
3749,605
25934,605
15965,605
3749,605
3749,605
25271,6653
25271,605
3749,43205
25271,6653
25271,605
3749,43205
25271,43205
3749,43205
25271,605
15965,6653
25271,605
25271,43205
15965,6653
3749,605
25271,6653
15965,605
15965,605
25271,43205
15965,605
15965,605
15965,6653
15965,605
25271,6653
3749,605
15965,6653
25934,605
25934,605
3749,43205
25934,47436
25934,47436
15965,605
25934,605
3749,605
25271,20230
3749,605
3749,20230
3749,43205
23418,20230
3749,47436
3749,605
3749,605
3749,20230
25271,605
25271,605
25271,43205
25271,605
25271,605
15965,6653
25271,605
25271,43205
3749,605
3749,43205
25934,47436
25934,605
15965,605
25934,605
3749,605
3749,43205
3749,47436
3749,47436
15965,605
3749,605
3749,20230
3749,43205
3749,43205
15965,43205
3749,43205
3749,43205
23418,47436
15965,605
3749,605
23418,20230
15965,605
25934,605
3749,47436
15965,605
15965,605
3749,605
