ID_START_VERTEX,ID_END_VERTEX
2630,17280
2630,10110
2630,13911
2630,12021
2630,13629
2630,6258
2630,5598
2630,2760
2630,33714
2630,35597
2630,14157
2630,42841
2630,30874
2630,24062
17280,10110
17280,13911
17280,12021
17280,13629
17280,6258
17280,5598
17280,2760
17280,33714
17280,35597
17280,14157
17280,42841
17280,30874
17280,24062
10110,13911
10110,12021
10110,13629
10110,6258
10110,5598
10110,2760
10110,33714
10110,35597
10110,14157
10110,42841
10110,30874
10110,24062
13911,12021
13911,13629
13911,6258
13911,5598
13911,2760
13911,33714
13911,35597
13911,14157
13911,42841
13911,30874
13911,24062
12021,13629
12021,6258
12021,5598
12021,2760
12021,33714
12021,35597
12021,14157
12021,42841
12021,30874
12021,24062
13629,6258
13629,5598
13629,2760
13629,33714
13629,35597
13629,14157
13629,42841
13629,30874
13629,24062
6258,5598
6258,2760
6258,33714
6258,35597
6258,14157
6258,42841
6258,30874
6258,24062
5598,2760
5598,33714
5598,35597
5598,14157
5598,42841
5598,30874
5598,24062
2760,33714
2760,35597
2760,14157
2760,42841
2760,30874
2760,24062
33714,35597
33714,14157
33714,42841
33714,30874
33714,24062
35597,14157
35597,42841
35597,30874
35597,24062
14157,42841
14157,30874
14157,24062
42841,30874
42841,24062
30874,24062
