ID_groupA,ID_groupB,ID_groupC,ID_groupD,ID_groupE
34754,28967,56481,60772,49613
36585,28967,59193,36439,39638
34754,28967,56481,60772,49613
34754,17117,59193,60772,39638
33224,28967,34405,7032,39638
34754,17117,59193,60772,39638
34754,17117,42984,60772,39638
15925,54593,56481,51809,49613
34754,54593,56481,60772,49613
34754,28967,59193,60772,39638
34754,17117,59193,60772,39638
33224,28967,59193,7032,39638
34754,17117,44178,60772,32177
34754,43719,59193,60772,39638
36585,28967,34405,36439,39638
34754,28967,56481,60772,49613
34754,17117,59193,60772,39638
34754,28967,56481,60772,32177
34754,28967,42984,60772,39638
34754,28967,56481,60772,49613
15925,28967,56481,51809,49613
34754,28967,56481,60772,49613
34754,28967,59193,60772,49613
34754,28967,56481,60772,49613
33224,28967,59193,7032,39638
34754,28967,44178,60772,32177
34754,43719,59193,60772,39638
36585,28967,56481,60772,49613
36585,28967,56481,60772,49613
36585,28967,59193,36439,39638
36585,28967,42984,60772,49613
36585,28967,56481,60772,49613
36585,28967,56481,36439,49613
36585,28967,56481,36439,49613
36585,28967,59193,36439,39638
36585,28967,56481,60772,49613
36585,28967,34405,7032,39638
36585,28967,44178,60772,32177
36585,43719,59193,36439,32177
34754,17117,56481,60772,49613
34754,28967,59193,60772,39638
34754,17117,42984,56520,32177
34754,17117,42984,56520,32177
34754,54593,56481,60772,49613
34754,28967,56481,60772,39638
34754,28967,59193,60772,39638
34754,17117,56481,60772,32177
34754,28967,34405,7032,39638
34754,17117,44178,60772,32177
34754,43719,59193,60772,32177
34754,17117,59193,60772,39638
34754,17117,42984,60772,32177
34754,17117,42984,60772,32177
34754,54593,56481,60772,49613
34754,17117,56481,60772,49613
34754,17117,59193,60772,39638
34754,17117,59193,60772,32177
34754,17117,59193,60772,39638
34754,17117,44178,60772,32177
34754,43719,59193,60772,32177
34754,17117,59193,60772,39638
34754,17117,42984,60772,32177
34754,54593,59193,60772,39638
34754,17117,56481,60772,49613
34754,17117,59193,60772,32177
34754,17117,59193,60772,39638
34754,28967,34405,7032,39638
34754,17117,44178,60772,32177
34754,43719,59193,60772,39638
45363,17117,42984,56520,44188
34754,54593,42984,60772,49613
34754,17117,56481,60772,49613
34754,17117,59193,60772,39638
34754,17117,59193,60772,32177
34754,17117,59193,60772,39638
34754,17117,44178,60772,32177
34754,43719,42984,60772,32177
34754,54593,56481,60772,49613
34754,17117,56481,60772,49613
34754,17117,59193,60772,39638
34754,17117,42984,60772,32177
33224,17117,59193,56520,32177
34754,17117,44178,60772,32177
34754,43719,42984,60772,32177
15925,54593,56481,51809,49613
34754,54593,59193,60772,39638
34754,54593,56481,60772,49613
33224,54593,59193,7032,49613
34754,54593,44178,60772,32177
34754,43719,56481,60772,49613
34754,54593,59193,60772,49613
34754,17117,56481,60772,49613
33224,28967,59193,7032,39638
34754,17117,44178,60772,49613
34754,43719,56481,60772,49613
34754,17117,59193,60772,39638
36585,28967,59193,36439,39638
34754,17117,44178,60772,32177
34754,43719,59193,60772,39638
34754,17117,59193,60772,39638
34754,17117,44178,60772,32177
34754,43719,59193,60772,32177
33224,28967,44178,7032,39638
33224,43719,59193,7032,32177
34754,43719,44178,60772,32177
