ID_groupA,ID_groupB,ID_groupC
34754,28967,56481
36585,28967,56481
34754,28967,56481
34754,17117,59193
33224,28967,59193
34754,17117,42984
34754,17117,42984
15925,54593,56481
34754,28967,56481
34754,28967,59193
34754,17117,59193
33224,28967,59193
33224,28967,44178
33224,43719,59193
36585,28967,34405
34754,28967,56481
34754,17117,59193
33224,28967,59193
34754,28967,56481
34754,28967,42984
15925,28967,56481
34754,28967,56481
34754,28967,59193
34754,28967,56481
33224,28967,59193
33224,28967,44178
33224,43719,59193
36585,28967,56481
36585,17117,59193
36585,28967,59193
36585,17117,59193
36585,28967,42984
36585,28967,56481
36585,28967,56481
36585,28967,59193
36585,28967,59193
36585,28967,34405
36585,28967,44178
36585,43719,59193
34754,17117,59193
34754,28967,59193
34754,17117,42984
34754,17117,42984
34754,54593,56481
34754,28967,56481
34754,28967,59193
34754,28967,59193
34754,28967,34405
34754,17117,44178
34754,43719,59193
34754,17117,59193
45363,17117,42984
34754,17117,42984
34754,54593,56481
34754,17117,56481
34754,17117,59193
34754,17117,59193
33224,17117,59193
34754,17117,44178
34754,43719,59193
34754,17117,59193
34754,17117,59193
34754,54593,59193
34754,28967,56481
34754,28967,59193
34754,17117,59193
34754,28967,34405
33224,43719,44178
33224,43719,59193
45363,42209,42984
34754,54593,42984
34754,17117,56481
34754,17117,59193
45363,17117,42984
33224,17117,59193
34754,17117,44178
45363,43719,42984
34754,54593,42984
34754,17117,56481
34754,17117,59193
34754,17117,42984
33224,17117,59193
34754,17117,44178
45363,43719,42984
15925,54593,56481
34754,54593,59193
34754,54593,56481
34754,54593,59193
34754,54593,44178
34754,43719,59193
34754,54593,59193
34754,17117,56481
33224,28967,59193
33224,28967,44178
34754,43719,56481
34754,17117,59193
33224,28967,59193
33224,28967,59193
33224,43719,59193
33224,17117,59193
34754,17117,44178
33224,43719,59193
33224,43719,44178
33224,43719,59193
33224,43719,44178
