ID_groupA,ID_groupB
34754,28967
36585,28967
34754,28967
34754,17117
34754,28967
34754,17117
34754,17117
34754,54593
34754,54593
34754,28967
34754,17117
33224,28967
33224,28967
34754,43719
36585,28967
34754,28967
34754,17117
34754,28967
34754,17117
34754,28967
34754,54593
15925,28967
34754,28967
34754,28967
33224,28967
33224,28967
34754,43719
36585,28967
36585,17117
36585,28967
36585,17117
36585,28967
36585,28967
36585,28967
36585,28967
36585,28967
36585,28967
36585,28967
36585,43719
34754,17117
34754,17117
34754,17117
34754,17117
34754,54593
34754,28967
34754,28967
34754,17117
34754,28967
34754,17117
34754,43719
34754,17117
45363,17117
34754,17117
34754,54593
34754,17117
34754,17117
34754,17117
33224,17117
34754,17117
34754,43719
34754,17117
34754,17117
34754,54593
34754,28967
34754,28967
34754,17117
33224,43719
33224,43719
34754,43719
45363,17117
34754,54593
34754,17117
34754,17117
45363,17117
33224,43719
34754,17117
45363,43719
34754,54593
34754,17117
34754,17117
34754,17117
33224,17117
34754,17117
34754,43719
15925,54593
34754,54593
34754,54593
34754,54593
34754,54593
34754,43719
34754,54593
34754,17117
33224,28967
33224,28967
34754,43719
34754,17117
33224,28967
33224,43719
33224,43719
33224,43719
34754,17117
34754,43719
33224,43719
33224,43719
33224,43719
