ID_groupA,ID_groupB,ID_groupC,ID_groupD
34754,28967,56481,60772
36585,28967,34405,36439
34754,28967,56481,60772
34754,17117,59193,60772
33224,28967,34405,7032
34754,17117,42984,60772
34754,17117,42984,60772
15925,54593,56481,51809
34754,54593,56481,60772
34754,28967,59193,60772
34754,17117,59193,60772
33224,28967,59193,7032
34754,17117,44178,60772
34754,43719,59193,60772
36585,28967,34405,36439
34754,28967,56481,60772
34754,17117,59193,60772
33224,28967,34405,7032
34754,28967,42984,60772
34754,28967,42984,60772
15925,28967,56481,51809
34754,28967,56481,60772
34754,28967,59193,60772
34754,28967,56481,60772
33224,28967,59193,7032
34754,28967,44178,60772
34754,43719,59193,60772
36585,28967,56481,60772
36585,28967,56481,60772
36585,28967,59193,36439
36585,28967,42984,60772
36585,28967,42984,60772
36585,28967,56481,36439
36585,28967,56481,36439
36585,28967,59193,36439
36585,28967,56481,60772
36585,28967,34405,7032
36585,28967,44178,60772
36585,43719,59193,36439
34754,17117,56481,60772
34754,28967,59193,60772
34754,17117,42984,60772
34754,17117,42984,60772
34754,54593,56481,60772
34754,28967,56481,60772
34754,28967,59193,60772
33224,17117,59193,60772
34754,28967,34405,7032
34754,17117,44178,60772
34754,43719,59193,60772
34754,17117,59193,60772
45363,17117,42984,56520
34754,17117,42984,60772
34754,54593,56481,60772
34754,17117,56481,60772
34754,17117,59193,60772
34754,17117,59193,60772
34754,17117,59193,60772
34754,17117,44178,60772
34754,43719,59193,60772
34754,17117,59193,60772
34754,17117,59193,60772
34754,54593,59193,60772
34754,17117,56481,60772
34754,17117,59193,60772
34754,17117,59193,60772
34754,28967,34405,7032
34754,17117,44178,60772
34754,43719,59193,60772
45363,42209,42984,56520
34754,54593,42984,60772
34754,17117,56481,60772
34754,17117,59193,60772
45363,17117,42984,56520
34754,17117,59193,60772
34754,17117,44178,60772
45363,17117,42984,56520
34754,54593,42984,60772
34754,17117,56481,60772
34754,17117,59193,60772
34754,17117,42984,60772
33224,17117,59193,56520
34754,17117,44178,60772
34754,43719,42984,60772
15925,54593,56481,51809
34754,54593,59193,60772
34754,54593,56481,60772
34754,54593,59193,7032
34754,54593,44178,60772
34754,43719,56481,60772
34754,54593,59193,60772
34754,17117,56481,60772
33224,28967,59193,7032
34754,17117,44178,60772
34754,43719,56481,60772
34754,17117,59193,60772
36585,28967,59193,36439
34754,17117,44178,60772
34754,43719,59193,60772
34754,17117,59193,60772
34754,17117,44178,60772
34754,43719,59193,60772
33224,43719,44178,7032
33224,43719,59193,7032
34754,43719,44178,60772
