ID_START_VERTEX,ID_END_VERTEX
39278,59089
39278,76089
39278,15755
39278,18199
39278,59495
39278,53778
39278,42536
39278,15466
39278,11496
39278,50021
39278,22156
39278,7057
39278,44078
39278,44486
59089,76089
59089,15755
59089,18199
59089,59495
59089,53778
59089,42536
59089,15466
59089,11496
59089,50021
59089,22156
59089,7057
59089,44078
59089,44486
76089,15755
76089,18199
76089,59495
76089,53778
76089,42536
76089,15466
76089,11496
76089,50021
76089,22156
76089,7057
76089,44078
76089,44486
15755,18199
15755,59495
15755,53778
15755,42536
15755,15466
15755,11496
15755,50021
15755,22156
15755,7057
15755,44078
15755,44486
18199,59495
18199,53778
18199,42536
18199,15466
18199,11496
18199,50021
18199,22156
18199,7057
18199,44078
18199,44486
59495,53778
59495,42536
59495,15466
59495,11496
59495,50021
59495,22156
59495,7057
59495,44078
59495,44486
53778,42536
53778,15466
53778,11496
53778,50021
53778,22156
53778,7057
53778,44078
53778,44486
42536,15466
42536,11496
42536,50021
42536,22156
42536,7057
42536,44078
42536,44486
15466,11496
15466,50021
15466,22156
15466,7057
15466,44078
15466,44486
11496,50021
11496,22156
11496,7057
11496,44078
11496,44486
50021,22156
50021,7057
50021,44078
50021,44486
22156,7057
22156,44078
22156,44486
7057,44078
7057,44486
44078,44486
