ID_groupA,ID_groupB,ID_groupC,ID_groupD,ID_groupE
44624,36694,17932,24197,19851
44624,24588,16832,24197,24057
26475,27594,17932,24197,17550
29823,36694,21154,24197,19851
15423,36694,21154,24197,19851
44624,36694,21154,24197,19851
44624,36694,21154,24197,19851
44624,36694,21154,24197,19851
44624,45911,17932,24197,19851
44624,36694,17932,24197,19851
44624,36694,21154,24197,19851
44624,45911,17932,24197,19851
44624,36694,39655,24197,19851
44624,36694,21154,24197,19851
27190,27594,17932,24197,17550
27190,27594,17932,24197,17550
29823,36694,17932,24197,19851
15423,36694,17932,24197,19851
26475,24588,17932,24197,17550
44624,36694,17932,24197,19851
26475,27594,45810,24197,17550
29823,36694,17932,24197,19851
26475,27594,17932,24197,17550
44624,36694,17932,24197,19851
44624,45911,17932,24197,19851
26475,27594,39655,24197,17550
44624,36694,17932,24197,19851
26475,27594,16832,24197,17550
27190,27594,17932,24197,17550
15423,25629,16832,24197,24776
27190,24588,16832,24197,24057
27190,27594,17932,24197,17550
27190,27594,45810,24197,17550
27190,24588,16832,24197,24057
27190,27594,17932,24197,19851
27190,24588,16832,24197,24057
26475,45911,17932,24197,17550
27190,27594,39655,24197,17550
27190,27594,17932,24197,17550
29823,27594,17932,24197,17550
15423,27594,17932,24197,17550
27190,24588,16832,24197,24057
26475,27594,17932,24197,17550
26475,27594,45810,24197,17550
27190,27594,16832,24197,24057
27190,27594,17932,24197,19851
26475,27594,17932,24197,17550
26475,45911,17932,24197,17550
26475,27594,39655,24197,17550
26475,27594,17932,24197,17550
29823,45911,17932,24197,19851
29823,24588,17932,24197,30186
29823,45911,17932,24197,19851
29823,36694,21154,24197,19851
29823,36694,17932,24197,19851
29823,36694,17932,24197,19851
29823,36694,21154,24197,19851
29823,45911,17932,24197,19851
29823,45911,39655,24197,30186
29823,45911,17932,24197,19851
15423,36694,21154,24197,19851
15423,36694,21154,24197,19851
15423,36694,21154,24197,19851
15423,36694,17932,24197,19851
15423,36694,17932,24197,19851
15423,36694,21154,24197,19851
15423,45911,17932,24197,19851
15423,25629,39655,24197,24776
15423,36694,21154,24197,19851
44624,36694,21154,24197,19851
44624,24588,45810,24197,24057
29823,24588,45810,24197,19851
26475,24588,17932,24197,17550
44624,24588,17932,24197,19851
44624,45911,21154,24197,19851
29823,24588,39655,24197,24057
44624,36694,21154,24197,19851
44624,36694,45810,24197,19851
44624,36694,17932,24197,19851
44624,36694,17932,24197,19851
44624,36694,21154,24197,19851
44624,45911,21154,24197,19851
29823,45911,39655,24197,30186
44624,36694,21154,24197,19851
44624,36694,45810,24197,30186
44624,36694,17932,24197,19851
44624,36694,21154,24197,19851
44624,45911,21154,24197,19851
44624,36694,39655,24197,19851
44624,36694,45810,24197,19851
29823,36694,17932,24197,19851
44624,45911,21154,24197,19851
44624,45911,21154,24197,19851
44624,36694,39655,24197,19851
44624,36694,17932,24197,19851
44624,36694,17932,24197,19851
44624,45911,17932,24197,19851
44624,36694,17932,24197,19851
44624,36694,17932,24197,19851
44624,45911,21154,24197,19851
44624,36694,39655,24197,19851
44624,36694,21154,24197,19851
44624,45911,39655,24197,19851
44624,45911,21154,24197,19851
29823,24588,39655,24197,24057
