ID_groupA,ID_groupB,ID_groupC,ID_groupD
44624,24588,17932,24197
44624,36694,16832,24197
27190,27594,21154,24197
29823,36694,21154,24197
15423,36694,21154,24197
44624,36694,21154,24197
44624,36694,21154,24197
44624,36694,45810,24197
44624,36694,45810,24197
44624,24588,17932,24197
44624,36694,21154,24197
44624,45911,45810,24197
44624,36694,39655,24197
44624,36694,21154,24197
27190,27594,17932,24197
27190,27594,17932,24197
29823,45911,17932,24197
15423,25629,17932,24197
26475,24588,17932,24197
44624,36694,17932,24197
26475,27594,45810,24197
29823,45911,17932,24197
26475,27594,17932,24197
44624,36694,17932,24197
29823,45911,17932,24197
26475,27594,39655,24197
44624,36694,17932,24197
27190,27594,16832,24197
27190,27594,16832,24197
15423,25629,16832,24197
27190,24588,16832,24197
27190,27594,16832,24197
27190,27594,45810,24197
27190,36694,16832,24197
27190,27594,17932,24197
44624,36694,16832,24197
27190,27594,16832,24197
27190,27594,39655,24197
27190,27594,16832,24197
27190,27594,16832,24197
27190,27594,16832,24197
27190,24588,16832,24197
27190,27594,16832,24197
44624,27594,45810,24197
27190,36694,16832,24197
27190,27594,17932,24197
27190,27594,45810,24197
27190,27594,16832,24197
27190,27594,39655,24197
27190,27594,16832,24197
15423,25629,39655,24197
29823,24588,16832,24197
29823,45911,17932,24197
29823,36694,21154,24197
29823,36694,21154,24197
29823,45911,17932,24197
29823,36694,21154,24197
29823,45911,17932,24197
29823,45911,39655,24197
29823,45911,17932,24197
15423,36694,21154,24197
15423,36694,21154,24197
15423,36694,21154,24197
15423,36694,21154,24197
15423,25629,17932,24197
15423,36694,21154,24197
15423,45911,17932,24197
15423,25629,39655,24197
15423,36694,21154,24197
44624,36694,21154,24197
44624,36694,45810,24197
27190,24588,16832,24197
26475,24588,17932,24197
44624,24588,17932,24197
44624,45911,45810,24197
29823,24588,39655,24197
44624,36694,21154,24197
44624,36694,45810,24197
44624,36694,45810,24197
44624,36694,17932,24197
44624,36694,21154,24197
44624,45911,45810,24197
29823,45911,39655,24197
44624,36694,45810,24197
44624,36694,45810,24197
44624,24588,17932,24197
44624,36694,45810,24197
44624,45911,45810,24197
44624,36694,39655,24197
44624,36694,45810,24197
29823,45911,17932,24197
44624,36694,39655,24197
44624,45911,45810,24197
44624,36694,39655,24197
44624,36694,45810,24197
44624,36694,17932,24197
29823,45911,17932,24197
44624,36694,17932,24197
44624,36694,17932,24197
44624,45911,45810,24197
44624,36694,39655,24197
44624,36694,21154,24197
29823,45911,39655,24197
44624,45911,45810,24197
29823,45911,39655,24197
