ID_groupA,ID_groupB,ID_groupC
44624,36694,17932
44624,36694,17932
26475,27594,17932
29823,45911,21154
15423,36694,21154
44624,24588,21154
44624,24588,21154
44624,36694,45810
44624,36694,21154
44624,36694,17932
44624,36694,21154
44624,45911,21154
44624,45911,39655
44624,24588,21154
27190,27594,16832
26475,27594,17932
29823,45911,17932
15423,36694,17932
44624,24588,17932
44624,24588,17932
44624,36694,17932
44624,36694,17932
26475,27594,17932
44624,36694,17932
26475,45911,17932
27190,27594,16832
44624,24588,17932
27190,27594,16832
27190,27594,16832
15423,45911,16832
44624,24588,17932
44624,24588,17932
44624,36694,17932
27190,27594,16832
27190,27594,17932
44624,36694,17932
27190,45911,16832
27190,27594,16832
27190,27594,17932
27190,27594,16832
15423,27594,17932
44624,27594,17932
44624,27594,17932
26475,27594,17932
27190,27594,16832
26475,27594,17932
44624,27594,17932
26475,45911,17932
27190,27594,16832
26475,27594,17932
29823,45911,17932
29823,45911,21154
29823,45911,21154
29823,45911,21154
29823,45911,17932
29823,45911,17932
29823,45911,21154
29823,45911,39655
29823,45911,39655
29823,45911,17932
44624,24588,45810
44624,24588,45810
15423,24588,45810
15423,36694,21154
15423,45911,17932
15423,36694,21154
15423,45911,17932
15423,45911,39655
44624,36694,21154
44624,24588,45810
44624,24588,45810
44624,24588,21154
44624,24588,17932
44624,24588,45810
44624,45911,21154
44624,45911,39655
44624,24588,45810
44624,24588,45810
44624,24588,21154
44624,24588,17932
44624,24588,45810
44624,45911,21154
29823,45911,39655
44624,24588,45810
44624,36694,45810
44624,36694,17932
44624,36694,21154
44624,45911,45810
44624,45911,39655
44624,24588,45810
44624,36694,17932
44624,36694,21154
44624,45911,45810
29823,45911,39655
44624,24588,45810
44624,36694,17932
44624,45911,17932
29823,45911,17932
44624,24588,17932
44624,45911,21154
44624,45911,39655
44624,24588,45810
29823,45911,39655
44624,45911,21154
29823,45911,39655
