ID_groupA,ID_groupB
44624,36694
44624,36694
26475,27594
29823,45911
15423,36694
44624,24588
44624,24588
44624,36694
44624,36694
44624,36694
44624,36694
44624,45911
44624,45911
44624,24588
27190,27594
26475,27594
29823,45911
15423,36694
44624,24588
44624,24588
44624,36694
26475,27594
26475,27594
44624,36694
26475,45911
27190,27594
44624,24588
27190,27594
27190,27594
15423,45911
44624,24588
44624,24588
44624,36694
27190,27594
27190,27594
44624,36694
27190,45911
27190,27594
27190,27594
27190,27594
15423,27594
44624,27594
44624,27594
26475,27594
27190,27594
26475,27594
44624,27594
26475,45911
27190,27594
26475,27594
29823,45911
29823,45911
29823,45911
29823,45911
29823,45911
29823,45911
29823,45911
29823,45911
29823,45911
29823,45911
15423,24588
15423,25629
44624,36694
15423,25629
15423,36694
15423,24588
15423,45911
15423,45911
15423,25629
44624,24588
44624,24588
44624,24588
44624,24588
44624,24588
44624,45911
44624,45911
15423,24588
44624,24588
44624,24588
44624,24588
44624,24588
15423,45911
29823,45911
15423,25629
44624,36694
44624,36694
44624,36694
44624,45911
44624,45911
44624,24588
44624,36694
44624,36694
44624,45911
29823,45911
44624,24588
44624,36694
44624,45911
29823,45911
44624,24588
44624,45911
44624,45911
44624,24588
29823,45911
15423,45911
29823,45911
