ID_START_VERTEX,ID_END_VERTEX
44034,28347
44034,27358
44034,46334
44034,26202
44034,40695
44034,20748
44034,20050
44034,23337
44034,30251
44034,30273
44034,46477
44034,19745
44034,18029
44034,29854
28347,27358
28347,46334
28347,26202
28347,40695
28347,20748
28347,20050
28347,23337
28347,30251
28347,30273
28347,46477
28347,19745
28347,18029
28347,29854
27358,46334
27358,26202
27358,40695
27358,20748
27358,20050
27358,23337
27358,30251
27358,30273
27358,46477
27358,19745
27358,18029
27358,29854
46334,26202
46334,40695
46334,20748
46334,20050
46334,23337
46334,30251
46334,30273
46334,46477
46334,19745
46334,18029
46334,29854
26202,40695
26202,20748
26202,20050
26202,23337
26202,30251
26202,30273
26202,46477
26202,19745
26202,18029
26202,29854
40695,20748
40695,20050
40695,23337
40695,30251
40695,30273
40695,46477
40695,19745
40695,18029
40695,29854
20748,20050
20748,23337
20748,30251
20748,30273
20748,46477
20748,19745
20748,18029
20748,29854
20050,23337
20050,30251
20050,30273
20050,46477
20050,19745
20050,18029
20050,29854
23337,30251
23337,30273
23337,46477
23337,19745
23337,18029
23337,29854
30251,30273
30251,46477
30251,19745
30251,18029
30251,29854
30273,46477
30273,19745
30273,18029
30273,29854
46477,19745
46477,18029
46477,29854
19745,18029
19745,29854
18029,29854
