ID_groupA,ID_groupB,ID_groupC,ID_groupD,ID_groupE
17611,409156,129246,188387,212149
17611,409156,129246,188387,212149
17611,409156,71175,188387,212149
17611,409156,54033,188387,288742
271472,137183,130902,188387,122338
17611,409156,385803,188387,388219
17611,409156,129246,188387,212149
17611,409156,129246,188387,212149
17611,409156,129246,188387,212149
17611,409156,129246,188387,212149
17611,409156,129246,188387,212149
17611,409156,129246,188387,212149
271472,409156,130902,188387,288742
17611,409156,385803,188387,388219
17611,123942,385803,188387,388219
180458,123942,71175,188387,212547
271472,123942,385803,188387,388219
186680,123942,129246,188387,122338
17611,123942,385803,188387,388219
271472,123942,130902,188387,288742
17611,123942,129246,188387,212149
186680,123942,129246,188387,212149
180458,123942,385803,188387,212547
17611,253578,129246,188387,212149
271472,123942,385803,188387,388219
271472,123942,130902,188387,288742
17611,123942,385803,188387,388219
180458,192043,71175,188387,212547
271472,409156,130902,188387,288742
271472,137183,130902,188387,122338
17611,409156,385803,188387,388219
17611,409156,130902,188387,212149
17611,409156,129246,188387,212149
17611,409156,129246,188387,212149
180458,192043,54033,188387,212149
271472,253578,130902,188387,288742
17611,409156,129246,188387,212149
17611,409156,130902,188387,212149
17611,409156,385803,188387,388219
315100,253578,71175,188387,288742
315100,137183,71175,188387,122338
180458,137183,71175,188387,212547
17611,409156,71175,188387,388219
17611,409156,71175,188387,212547
17611,409156,71175,188387,212149
17611,409156,71175,188387,212149
271472,253578,71175,188387,288742
17611,409156,71175,188387,212149
17611,409156,130902,188387,212149
17611,409156,385803,188387,388219
271472,137183,130902,188387,122338
271472,137183,385803,188387,388219
17611,409156,130902,188387,288742
17611,409156,54033,188387,288742
271472,192043,129246,188387,212149
271472,409156,130902,188387,288742
271472,253578,130902,188387,288742
271472,253578,130902,188387,288742
17611,409156,130902,188387,288742
315100,253578,385803,188387,288742
271472,137183,130902,188387,122338
17611,137183,130902,188387,122338
17611,137183,130902,188387,122338
271472,137183,130902,188387,122338
180458,137183,130902,188387,122338
315100,253578,71175,188387,122338
315100,137183,130902,188387,122338
271472,137183,130902,188387,122338
17611,137183,385803,188387,122338
17611,137183,130902,188387,388219
17611,137183,130902,188387,122338
271472,137183,130902,188387,212149
180458,137183,385803,188387,388219
17611,253578,385803,188387,388219
271472,137183,385803,188387,388219
17611,137183,130902,188387,388219
17611,137183,385803,188387,388219
17611,409156,130902,188387,212149
17611,409156,130902,188387,212149
180458,409156,130902,188387,212547
271472,253578,130902,188387,288742
17611,409156,130902,188387,212149
17611,409156,130902,188387,388219
17611,409156,385803,188387,388219
17611,409156,54033,188387,212149
17611,409156,129246,188387,212149
17611,253578,129246,188387,212149
17611,253578,129246,188387,212149
17611,409156,130902,188387,212149
17611,409156,385803,188387,388219
180458,192043,129246,188387,212149
186680,253578,129246,188387,212149
186680,253578,129246,188387,212149
17611,409156,130902,188387,212149
17611,192043,385803,188387,388219
271472,253578,130902,188387,288742
180458,409156,130902,188387,212547
180458,409156,130902,188387,212547
180458,123942,385803,188387,212547
271472,253578,130902,188387,288742
271472,253578,130902,188387,288742
17611,253578,385803,188387,388219
17611,409156,130902,188387,212149
17611,409156,385803,188387,388219
271472,253578,385803,188387,288742
