ID_groupA,ID_groupB,ID_groupC
17611,123942,385803
180458,409156,54033
315100,409156,71175
271472,409156,130902
17611,409156,130902
17611,409156,385803
17611,409156,130902
17611,409156,130902
17611,409156,54033
180458,409156,54033
271472,253578,130902
271472,409156,130902
17611,409156,130902
17611,409156,385803
17611,123942,54033
180458,123942,54033
271472,123942,130902
17611,409156,130902
17611,123942,385803
17611,409156,130902
17611,123942,385803
17611,123942,54033
17611,123942,54033
17611,253578,130902
17611,409156,130902
17611,409156,130902
17611,123942,385803
180458,192043,54033
271472,409156,54033
180458,409156,130902
17611,137183,54033
180458,409156,54033
17611,409156,54033
180458,192043,54033
180458,192043,54033
315100,253578,54033
180458,409156,54033
180458,409156,130902
17611,192043,385803
315100,253578,71175
315100,409156,130902
315100,137183,130902
315100,409156,130902
17611,409156,71175
180458,192043,54033
315100,253578,71175
315100,253578,71175
315100,253578,71175
315100,409156,130902
315100,409156,385803
271472,137183,130902
271472,137183,130902
271472,409156,130902
271472,409156,130902
271472,409156,54033
271472,409156,130902
271472,253578,130902
271472,409156,130902
271472,409156,130902
271472,409156,385803
271472,137183,130902
17611,409156,130902
17611,409156,130902
17611,409156,130902
17611,409156,130902
271472,253578,130902
271472,137183,130902
271472,137183,130902
17611,409156,130902
17611,409156,130902
17611,409156,130902
17611,409156,130902
17611,137183,54033
271472,253578,130902
271472,137183,130902
271472,137183,130902
17611,137183,385803
17611,409156,130902
17611,409156,130902
180458,409156,54033
271472,253578,130902
271472,409156,130902
17611,409156,130902
17611,409156,385803
17611,409156,54033
17611,409156,54033
17611,253578,130902
17611,409156,130902
17611,409156,130902
17611,409156,385803
180458,192043,54033
315100,253578,54033
17611,409156,54033
17611,409156,130902
17611,123942,385803
315100,253578,54033
180458,409156,54033
17611,409156,130902
17611,409156,385803
271472,253578,130902
271472,253578,130902
17611,253578,385803
271472,409156,130902
17611,409156,385803
17611,409156,130902
