ID_groupA,ID_groupB
17611,409156
180458,409156
315100,409156
271472,409156
271472,409156
17611,409156
17611,409156
17611,409156
17611,409156
17611,409156
315100,253578
17611,409156
271472,409156
17611,409156
186680,192043
17611,409156
17611,409156
17611,137183
17611,123942
17611,123942
17611,123942
17611,123942
17611,123942
17611,253578
17611,409156
17611,409156
17611,123942
180458,192043
180458,253578
180458,409156
17611,192043
180458,409156
17611,192043
180458,192043
180458,192043
180458,253578
180458,409156
180458,409156
17611,192043
315100,253578
271472,253578
315100,409156
315100,409156
17611,409156
180458,192043
315100,253578
315100,253578
315100,253578
271472,253578
315100,409156
271472,137183
271472,137183
271472,409156
17611,409156
271472,409156
315100,253578
271472,253578
271472,409156
271472,409156
271472,409156
271472,137183
17611,137183
17611,137183
17611,137183
17611,137183
271472,253578
271472,137183
271472,137183
17611,137183
17611,137183
17611,137183
17611,137183
17611,137183
271472,253578
271472,137183
271472,137183
17611,137183
17611,409156
17611,409156
17611,409156
271472,253578
17611,409156
17611,409156
17611,409156
17611,409156
17611,409156
17611,253578
17611,409156
17611,409156
17611,123942
180458,192043
315100,253578
17611,409156
17611,409156
17611,123942
315100,253578
315100,253578
17611,409156
17611,409156
315100,253578
271472,253578
17611,253578
271472,253578
17611,409156
17611,409156
