ID_START_VERTEX,ID_END_VERTEX
244714,129646
244714,157050
244714,263207
244714,148816
244714,364280
244714,395269
244714,130397
244714,42008
244714,81646
244714,50711
244714,166431
244714,286582
244714,69110
244714,352643
129646,157050
129646,263207
129646,148816
129646,364280
129646,395269
129646,130397
129646,42008
129646,81646
129646,50711
129646,166431
129646,286582
129646,69110
129646,352643
157050,263207
157050,148816
157050,364280
157050,395269
157050,130397
157050,42008
157050,81646
157050,50711
157050,166431
157050,286582
157050,69110
157050,352643
263207,148816
263207,364280
263207,395269
263207,130397
263207,42008
263207,81646
263207,50711
263207,166431
263207,286582
263207,69110
263207,352643
148816,364280
148816,395269
148816,130397
148816,42008
148816,81646
148816,50711
148816,166431
148816,286582
148816,69110
148816,352643
364280,395269
364280,130397
364280,42008
364280,81646
364280,50711
364280,166431
364280,286582
364280,69110
364280,352643
395269,130397
395269,42008
395269,81646
395269,50711
395269,166431
395269,286582
395269,69110
395269,352643
130397,42008
130397,81646
130397,50711
130397,166431
130397,286582
130397,69110
130397,352643
42008,81646
42008,50711
42008,166431
42008,286582
42008,69110
42008,352643
81646,50711
81646,166431
81646,286582
81646,69110
81646,352643
50711,166431
50711,286582
50711,69110
50711,352643
166431,286582
166431,69110
166431,352643
286582,69110
286582,352643
69110,352643
