ID_groupA,ID_groupB,ID_groupC,ID_groupD
11409,29732,10118,43006
11409,35437,16555,43006
11409,29732,16555,43006
11409,22361,10118,43006
61782,29732,10118,43006
4979,29732,10118,54631
18606,47741,16555,44292
18606,47741,16555,43006
18606,29732,16555,43006
11409,29732,10118,43006
11409,29732,39428,40529
11409,29732,6820,43006
11409,29732,10118,43006
11409,29732,10118,43006
11409,35437,10118,40529
11409,7861,10118,43006
11409,29732,10118,43006
61782,29732,10118,43006
4979,7861,10118,54631
25359,29732,10118,21076
18606,47741,10118,43006
18606,7861,10118,43006
11409,7861,10118,43006
11409,7861,39428,40529
4979,7861,6820,54631
11409,7861,10118,43006
11409,7861,10118,43006
11409,7861,6820,40529
11409,22361,10118,40529
61782,35437,10118,40529
4979,7861,6820,40529
11409,29732,10118,21076
11409,47741,16555,43006
11409,35437,16555,40529
11409,35437,10118,40529
11409,35437,39428,40529
4979,7861,6820,40529
11409,7861,10118,40529
11409,35437,16555,43006
11409,29732,16555,43006
61782,29732,16555,43006
11409,7861,10118,54631
11409,29732,10118,21076
11409,47741,16555,43006
18606,29732,16555,43006
11409,29732,10118,43006
11409,35437,39428,40529
4979,7861,10118,43006
11409,29732,10118,43006
11409,29732,10118,43006
61782,29732,10118,21076
4979,22361,10118,54631
61782,29732,10118,21076
18606,29732,16555,43006
18606,29732,16555,43006
11409,29732,10118,43006
11409,22361,39428,40529
4979,29732,10118,21076
11409,29732,10118,43006
11409,22361,10118,43006
61782,7861,10118,54631
61782,29732,10118,21076
61782,47741,10118,43006
61782,29732,16555,43006
61782,29732,10118,43006
61782,29732,39428,40529
61782,7861,10118,54631
61782,29732,10118,43006
61782,29732,10118,43006
4979,29732,10118,21076
18606,7861,10118,43006
18606,7861,10118,43006
4979,7861,10118,54631
4979,7861,39428,40529
4979,7861,6820,54631
4979,7861,10118,54631
4979,7861,10118,43006
18606,29732,16555,21076
18606,47741,16555,44292
25359,29732,10118,21076
18606,47741,39428,44292
4979,29732,10118,21076
25359,29732,10118,21076
18606,47741,16555,44292
18606,47741,16555,43006
18606,47741,10118,43006
18606,47741,39428,44292
11409,47741,6820,43006
18606,47741,10118,43006
18606,47741,16555,43006
18606,29732,10118,21076
11409,35437,39428,43006
4979,7861,10118,43006
18606,29732,10118,21076
18606,29732,16555,43006
11409,35437,39428,40529
4979,7861,10118,54631
11409,29732,10118,43006
11409,7861,10118,43006
4979,7861,39428,40529
11409,7861,39428,40529
11409,35437,39428,43006
4979,7861,10118,54631
4979,7861,10118,43006
11409,7861,10118,43006
