ID_groupA,ID_groupB
11409,29732
11409,35437
11409,29732
61782,29732
61782,29732
61782,29732
25359,29732
18606,47741
18606,29732
11409,29732
18606,29732
4979,29732
61782,29732
18606,29732
11409,35437
11409,7861
61782,22361
61782,7861
4979,7861
11409,29732
11409,47741
18606,29732
11409,7861
11409,35437
4979,7861
4979,7861
11409,7861
11409,35437
11409,22361
61782,29732
4979,7861
11409,29732
11409,47741
18606,29732
11409,35437
11409,35437
4979,7861
11409,7861
11409,35437
11409,22361
61782,29732
11409,7861
11409,29732
11409,47741
18606,29732
11409,29732
11409,35437
4979,7861
11409,7861
11409,29732
61782,22361
61782,22361
25359,22361
18606,22361
18606,22361
61782,22361
18606,22361
4979,22361
61782,22361
18606,22361
61782,7861
61782,29732
61782,29732
61782,29732
61782,29732
61782,29732
61782,7861
61782,7861
61782,29732
61782,29732
11409,7861
11409,7861
4979,7861
4979,7861
4979,7861
4979,7861
11409,7861
25359,47741
18606,47741
25359,29732
18606,47741
4979,7861
61782,29732
18606,47741
18606,47741
18606,29732
18606,47741
4979,7861
61782,29732
18606,47741
18606,29732
18606,29732
4979,7861
18606,29732
18606,29732
11409,35437
4979,7861
61782,29732
18606,29732
4979,7861
11409,35437
11409,35437
4979,7861
11409,7861
61782,29732
