ID_groupA,ID_groupB,ID_groupC
11409,29732,10118
11409,29732,10118
11409,29732,10118
61782,29732,10118
61782,29732,10118
4979,29732,10118
18606,47741,16555
18606,47741,16555
18606,29732,16555
11409,29732,10118
11409,29732,39428
4979,29732,10118
11409,29732,10118
11409,29732,16555
11409,35437,10118
11409,7861,10118
61782,22361,10118
61782,7861,10118
4979,7861,10118
25359,29732,10118
18606,29732,10118
18606,29732,10118
11409,7861,10118
11409,35437,39428
4979,7861,10118
61782,7861,10118
11409,7861,10118
11409,35437,6820
11409,22361,10118
61782,35437,10118
4979,7861,6820
11409,29732,10118
18606,47741,16555
11409,35437,16555
11409,35437,10118
11409,35437,39428
4979,7861,6820
11409,7861,10118
11409,35437,16555
11409,22361,10118
61782,29732,10118
11409,7861,10118
11409,29732,10118
18606,47741,16555
11409,29732,10118
11409,7861,10118
11409,35437,39428
4979,7861,6820
11409,7861,10118
11409,29732,10118
61782,22361,10118
4979,22361,10118
25359,22361,10118
18606,29732,16555
18606,29732,16555
61782,22361,10118
11409,22361,39428
4979,22361,10118
61782,22361,10118
11409,22361,10118
61782,7861,10118
61782,29732,10118
61782,29732,10118
61782,29732,10118
61782,29732,10118
61782,29732,39428
61782,7861,10118
61782,7861,10118
61782,29732,10118
4979,7861,10118
4979,7861,10118
11409,7861,16555
4979,7861,10118
4979,7861,39428
4979,7861,6820
4979,7861,10118
4979,7861,10118
18606,29732,16555
18606,47741,16555
25359,29732,10118
18606,47741,39428
4979,7861,10118
25359,29732,10118
18606,47741,16555
18606,47741,16555
18606,29732,10118
18606,47741,39428
11409,47741,6820
18606,29732,10118
18606,47741,16555
18606,29732,10118
18606,29732,39428
4979,7861,16555
18606,29732,10118
18606,29732,16555
11409,35437,39428
4979,7861,10118
11409,7861,10118
18606,29732,10118
4979,7861,39428
11409,35437,39428
11409,35437,39428
4979,7861,10118
4979,7861,10118
18606,29732,10118
