ID_groupA,ID_groupB,ID_groupC,ID_groupD,ID_groupE
11409,29732,6820,43006,27628
11409,29732,10118,40529,32483
11409,29732,16555,43006,20603
11409,22361,10118,43006,32483
61782,29732,10118,21076,32483
4979,29732,10118,54631,32483
11409,29732,10118,21076,32483
18606,47741,16555,43006,20603
18606,29732,16555,43006,20603
11409,29732,10118,43006,20603
11409,29732,39428,40529,32483
4979,7861,10118,43006,27628
11409,29732,10118,43006,20603
11409,29732,10118,43006,32483
11409,35437,10118,40529,27628
11409,7861,16555,43006,27628
11409,29732,16555,43006,27628
61782,29732,10118,43006,32483
4979,7861,6820,54631,27628
25359,29732,10118,21076,32483
11409,47741,10118,43006,20603
18606,7861,10118,43006,20603
11409,7861,16555,43006,27628
11409,7861,39428,40529,27628
4979,7861,6820,54631,27628
11409,7861,10118,43006,27628
11409,7861,16555,43006,27628
11409,7861,6820,40529,27628
11409,22361,10118,40529,32483
61782,7861,10118,40529,27628
4979,7861,6820,40529,27628
11409,29732,10118,21076,32483
11409,47741,16555,43006,20603
18606,29732,10118,40529,20603
11409,7861,10118,40529,27628
11409,35437,39428,40529,27628
4979,7861,6820,40529,27628
11409,7861,10118,40529,27628
11409,29732,10118,43006,32483
11409,22361,10118,21076,32483
61782,29732,16555,43006,32483
11409,7861,10118,54631,27628
11409,29732,10118,21076,32483
11409,47741,16555,43006,20603
18606,29732,16555,43006,20603
11409,29732,10118,43006,32483
11409,35437,39428,40529,27628
4979,7861,10118,43006,27628
11409,29732,10118,43006,32483
11409,29732,10118,43006,32483
61782,29732,10118,21076,32483
4979,22361,10118,54631,32483
61782,22361,10118,21076,32483
18606,22361,10118,43006,32483
18606,22361,10118,43006,32483
11409,22361,10118,43006,32483
11409,22361,39428,40529,32483
4979,29732,10118,21076,32483
11409,22361,10118,43006,32483
11409,22361,10118,43006,32483
61782,7861,10118,54631,27628
61782,29732,10118,21076,32483
61782,47741,10118,43006,20603
61782,29732,16555,43006,32483
61782,29732,10118,43006,32483
61782,29732,39428,40529,32483
61782,7861,10118,54631,27628
61782,29732,10118,43006,32483
61782,29732,10118,43006,32483
4979,7861,10118,21076,32483
4979,7861,10118,43006,20603
18606,7861,10118,43006,20603
4979,7861,10118,54631,27628
4979,7861,39428,40529,27628
4979,7861,6820,54631,27628
4979,7861,10118,54631,27628
11409,7861,16555,43006,27628
18606,47741,16555,44292,20603
18606,47741,16555,44292,20603
25359,29732,10118,21076,32483
18606,29732,39428,21076,20603
4979,29732,10118,21076,32483
25359,29732,10118,21076,32483
18606,47741,16555,44292,20603
18606,47741,16555,43006,20603
11409,47741,10118,43006,20603
11409,47741,39428,43006,20603
11409,47741,6820,43006,20603
11409,47741,10118,43006,20603
18606,47741,16555,43006,20603
18606,29732,10118,21076,32483
18606,29732,39428,40529,20603
18606,7861,10118,43006,20603
18606,29732,10118,21076,32483
18606,29732,16555,43006,20603
11409,29732,39428,40529,32483
4979,7861,10118,54631,27628
11409,29732,10118,43006,32483
11409,7861,10118,43006,27628
4979,7861,39428,40529,27628
11409,7861,39428,40529,27628
11409,29732,39428,40529,20603
4979,7861,10118,54631,27628
4979,7861,10118,43006,27628
11409,7861,16555,43006,27628
