ID_START_VERTEX,ID_END_VERTEX
20788,7357
20788,4175
20788,11338
20788,22426
20788,9368
20788,5901
20788,25177
20788,25856
20788,49049
20788,12157
20788,15804
20788,2184
20788,61935
20788,29466
7357,4175
7357,11338
7357,22426
7357,9368
7357,5901
7357,25177
7357,25856
7357,49049
7357,12157
7357,15804
7357,2184
7357,61935
7357,29466
4175,11338
4175,22426
4175,9368
4175,5901
4175,25177
4175,25856
4175,49049
4175,12157
4175,15804
4175,2184
4175,61935
4175,29466
11338,22426
11338,9368
11338,5901
11338,25177
11338,25856
11338,49049
11338,12157
11338,15804
11338,2184
11338,61935
11338,29466
22426,9368
22426,5901
22426,25177
22426,25856
22426,49049
22426,12157
22426,15804
22426,2184
22426,61935
22426,29466
9368,5901
9368,25177
9368,25856
9368,49049
9368,12157
9368,15804
9368,2184
9368,61935
9368,29466
5901,25177
5901,25856
5901,49049
5901,12157
5901,15804
5901,2184
5901,61935
5901,29466
25177,25856
25177,49049
25177,12157
25177,15804
25177,2184
25177,61935
25177,29466
25856,49049
25856,12157
25856,15804
25856,2184
25856,61935
25856,29466
49049,12157
49049,15804
49049,2184
49049,61935
49049,29466
12157,15804
12157,2184
12157,61935
12157,29466
15804,2184
15804,61935
15804,29466
2184,61935
2184,29466
61935,29466
