ID_groupA,ID_groupB
724,1394
724,5289
724,1184
724,5289
796,1394
1949,6817
1949,1394
796,1394
724,1394
724,2271
724,1394
724,1394
1949,1394
724,5289
498,2271
724,1184
724,5289
796,5289
1949,6817
724,1394
796,5289
498,5289
498,2271
724,1394
724,5289
724,1394
724,5289
498,2271
498,5289
796,5289
1949,6817
1949,5289
796,5289
498,2271
498,2271
498,5289
724,5289
498,5289
498,5289
498,5289
796,5289
724,6817
724,1394
796,5289
498,1184
498,2271
498,5289
724,1184
498,5289
498,5289
796,5289
1949,6817
1949,5289
796,5289
498,5289
498,2271
724,5289
724,5289
1949,5289
498,5289
1949,6817
796,1394
796,1394
796,5289
796,2271
796,1394
796,1394
796,1394
796,5289
1949,6817
1949,6817
1949,6817
1949,2271
1949,6817
1949,6817
1949,6817
1949,6817
796,1394
498,5289
1949,2271
1949,1394
724,1394
1949,1394
1949,5289
796,5289
796,2271
796,1394
796,1394
796,1394
796,5289
498,2271
498,5289
724,1184
498,5289
498,5289
498,2271
724,2271
498,2271
498,2271
724,1394
1949,1394
724,5289
724,1394
724,5289
1949,5289
