ID_groupA,ID_groupB,ID_groupC
724,1394,3196
724,5289,3196
724,1184,3196
724,5289,3196
796,1394,6012
1949,6817,828
1949,1394,2393
796,1394,6548
724,1394,3196
498,2271,3196
724,1394,6012
724,1394,828
1949,1394,2393
724,5289,3196
498,2271,3196
724,1184,3196
724,5289,3196
796,5289,3196
1949,6817,3196
724,1394,3196
796,5289,6548
498,5289,3196
498,2271,3196
724,1394,3196
724,5289,3196
724,1394,2393
724,5289,3196
498,5289,3196
498,5289,3196
796,5289,6012
1949,6817,2393
1949,5289,2393
796,5289,6548
498,2271,3196
498,2271,3196
498,5289,6012
724,5289,3196
498,5289,2393
498,5289,3196
498,5289,3196
796,5289,6012
724,6817,828
724,1394,828
796,5289,6548
498,1184,3196
498,2271,3196
498,5289,6012
724,1184,3196
498,5289,2393
498,5289,3196
796,5289,6012
1949,6817,2393
1949,5289,2393
796,5289,6548
498,5289,3196
498,2271,3196
724,5289,3196
724,5289,3196
1949,5289,2393
498,5289,3196
1949,6817,2393
796,1394,6012
796,1394,6548
796,5289,6012
796,2271,6012
796,1394,6012
796,1394,6012
796,1394,2393
796,5289,6012
1949,6817,2393
1949,6817,6548
1949,6817,3196
1949,2271,2393
1949,6817,2393
1949,6817,828
1949,6817,2393
1949,6817,2393
796,1394,6548
1949,5289,2393
1949,2271,2393
1949,1394,2393
724,1394,828
1949,1394,2393
1949,5289,2393
796,5289,6548
796,2271,6548
796,1394,6548
796,1394,6548
796,1394,6548
796,5289,6548
498,2271,3196
498,5289,6012
724,5289,3196
498,5289,2393
498,5289,3196
498,2271,6012
724,2271,3196
498,2271,2393
498,2271,3196
724,1394,6012
1949,1394,2393
724,5289,3196
724,1394,2393
724,5289,3196
1949,5289,2393
