ID_groupA,ID_groupB,ID_groupC,ID_groupD,ID_groupE
724,5289,3196,3389,4289
724,2271,3196,3389,4289
498,1394,3196,3733,5150
724,5289,3196,3389,4289
796,1394,828,3389,243
724,6817,3196,3389,4289
1949,1394,828,91,243
6603,1394,828,3389,243
498,1394,828,3733,5150
724,2271,3196,3389,4289
724,1394,6012,3389,4289
724,1394,828,3389,243
1949,1394,2393,91,243
724,5289,3196,3389,4289
498,2271,3196,3733,5150
498,5289,3196,3733,4289
724,5289,3196,3389,243
796,1184,3196,3733,4289
724,6817,3196,3389,243
1949,5289,3196,91,243
6603,1184,3196,3733,4289
498,1184,3196,3733,243
498,2271,3196,3733,5150
724,1394,3196,3389,243
724,5289,3196,3389,243
724,1394,2393,3389,243
724,5289,3196,3389,243
498,2271,3196,3733,5150
498,2271,6012,3733,243
796,5289,3196,5026,243
498,2271,3196,3733,243
1949,2271,2393,91,5150
6603,5289,3196,5026,243
498,2271,3196,3733,5150
498,2271,3196,3733,243
498,2271,6012,3733,243
724,2271,3196,3389,4289
1949,2271,2393,91,4289
498,5289,6012,3733,243
498,5289,3196,3733,243
796,5289,3196,3733,243
498,6817,3196,3733,243
1949,1184,2393,91,4289
6603,5289,3196,3733,243
498,1184,3196,3733,243
498,2271,3196,3733,5150
498,2271,6012,3733,5150
724,5289,3196,3733,4289
498,2271,2393,3733,243
498,5289,3196,3733,243
796,5289,3196,5026,243
724,5289,3196,3389,243
1949,5289,3196,91,243
6603,5289,3196,5026,243
498,1184,6012,3733,243
498,2271,6012,3733,243
498,5289,6012,3733,243
724,5289,3196,5026,4289
1949,5289,2393,91,4289
724,5289,3196,3389,243
1949,6817,2393,91,4289
796,1394,828,91,4289
796,1394,6012,3389,243
498,5289,3196,3733,243
498,2271,3196,3733,243
796,1394,6012,3389,4289
724,1394,828,3389,243
796,1394,2393,3389,4289
796,5289,3196,5026,243
1949,6817,2393,91,4289
1949,6817,6548,91,4289
498,6817,3196,3733,243
498,2271,3196,3733,243
724,6817,6012,3389,243
724,1394,828,3389,243
1949,6817,2393,91,4289
724,5289,3196,3389,243
6603,1394,828,91,4289
498,5289,3196,91,243
1949,2271,2393,91,4289
1949,1394,6012,91,243
724,5289,3196,91,243
1949,1394,2393,91,243
1949,5289,3196,91,243
498,1184,6548,3733,4289
498,2271,6548,3733,243
6603,1394,6012,3389,4289
724,1394,828,3389,243
6603,1394,2393,3389,4289
6603,5289,3196,5026,243
498,2271,3196,3733,5150
498,1184,6012,3733,243
724,5289,3196,3389,243
498,1184,2393,3733,243
498,5289,6012,3733,243
498,2271,6012,3733,243
724,5289,3196,5026,4289
1949,2271,2393,91,4289
724,5289,3196,5026,4289
724,1394,6012,3389,243
1949,1394,2393,91,243
724,5289,3196,3389,243
724,1394,2393,3389,243
724,5289,3196,5026,4289
1949,5289,2393,91,243
