ID_groupA,ID_groupB,ID_groupC,ID_groupD
724,1394,3196,3389
724,5289,3196,3389
724,1184,3196,3389
724,5289,3196,3389
796,1394,6012,3389
1949,6817,828,91
1949,1394,828,91
796,1394,6548,3389
724,1394,3196,3389
498,2271,3196,3389
724,1394,6012,3389
724,1394,828,3389
1949,1394,2393,91
724,5289,3196,3389
498,2271,3196,3733
498,1184,3196,3733
498,5289,3196,3733
796,5289,3196,5026
1949,6817,828,3389
724,1394,3196,3389
796,1394,6548,3389
498,5289,3196,5026
498,2271,3196,3733
724,1394,3196,3389
724,1184,3196,3733
724,1394,2393,3389
724,5289,3196,5026
498,5289,3196,3733
498,5289,3196,3733
796,5289,6012,5026
1949,6817,2393,5026
1949,5289,2393,91
796,5289,6548,5026
498,5289,3196,5026
498,2271,3196,3733
498,5289,6012,5026
724,5289,3196,5026
498,5289,2393,5026
498,5289,3196,3733
498,5289,3196,3733
796,5289,6012,3733
724,6817,828,3733
498,5289,6012,3733
796,5289,6548,3733
498,1184,3196,3733
498,2271,3196,3733
498,5289,6012,3733
724,1184,3196,3733
498,5289,2393,3733
498,5289,3196,3733
796,5289,6012,5026
1949,6817,6012,91
1949,1394,6012,91
796,5289,6548,5026
498,5289,3196,3733
498,2271,3196,3733
724,5289,3196,3389
724,5289,3196,3389
1949,1394,2393,91
498,5289,3196,5026
796,6817,2393,91
796,1394,6012,91
796,5289,6548,5026
796,5289,6012,5026
796,2271,6012,5026
796,5289,6012,5026
796,1394,6012,3389
796,1394,2393,91
796,5289,6012,5026
1949,6817,2393,91
796,6817,6548,91
1949,6817,3196,3389
1949,2271,2393,5026
1949,6817,2393,91
1949,6817,828,3389
1949,6817,2393,91
1949,6817,6012,91
796,1394,6548,91
724,1394,3196,3389
1949,2271,2393,91
1949,1394,6012,91
724,1394,828,3389
1949,1394,2393,91
1949,5289,2393,91
796,5289,6548,5026
796,2271,6548,5026
796,1394,6548,91
796,1394,6548,3389
796,1394,2393,91
796,5289,6548,5026
498,2271,3196,3733
498,5289,6012,5026
724,5289,3196,5026
498,5289,2393,5026
498,5289,3196,3733
498,2271,3196,3389
724,2271,3196,3733
498,2271,2393,5026
498,2271,3196,3733
724,1394,6012,3389
1949,1394,2393,91
724,5289,3196,3389
724,1394,2393,3389
724,5289,3196,5026
724,5289,3196,3389
