ID_START_VERTEX,ID_END_VERTEX
2715,1661
2715,4927
2715,5455
2715,1486
2715,2087
2715,6826
2715,1976
2715,979
2715,486
2715,4822
2715,5953
2715,710
2715,6768
2715,5021
1661,4927
1661,5455
1661,1486
1661,2087
1661,6826
1661,1976
1661,979
1661,486
1661,4822
1661,5953
1661,710
1661,6768
1661,5021
4927,5455
4927,1486
4927,2087
4927,6826
4927,1976
4927,979
4927,486
4927,4822
4927,5953
4927,710
4927,6768
4927,5021
5455,1486
5455,2087
5455,6826
5455,1976
5455,979
5455,486
5455,4822
5455,5953
5455,710
5455,6768
5455,5021
1486,2087
1486,6826
1486,1976
1486,979
1486,486
1486,4822
1486,5953
1486,710
1486,6768
1486,5021
2087,6826
2087,1976
2087,979
2087,486
2087,4822
2087,5953
2087,710
2087,6768
2087,5021
6826,1976
6826,979
6826,486
6826,4822
6826,5953
6826,710
6826,6768
6826,5021
1976,979
1976,486
1976,4822
1976,5953
1976,710
1976,6768
1976,5021
979,486
979,4822
979,5953
979,710
979,6768
979,5021
486,4822
486,5953
486,710
486,6768
486,5021
4822,5953
4822,710
4822,6768
4822,5021
5953,710
5953,6768
5953,5021
710,6768
710,5021
6768,5021
