ID_groupA,ID_groupB,ID_groupC
10459,3618,5369
7408,3618,5369
9369,3618,9997
7408,3618,372
3411,3618,9997
7027,3618,6019
10459,3618,5369
10459,6718,6019
10459,3618,5369
7408,3618,5369
7408,8000,5369
10459,3618,5369
10459,3618,6019
7408,3618,5369
10459,8000,5369
9369,8000,372
7408,8000,372
3411,3618,5369
7027,803,1552
10459,803,6019
10459,6718,5369
10459,3618,5369
7408,8000,9997
10459,8000,5369
10459,8000,5369
10459,3618,5369
7408,8000,9997
9369,8000,372
7408,8000,372
7408,3618,5369
7027,8000,6019
10459,8000,5369
7408,6718,5369
7408,3618,5369
7408,8000,9997
7408,8000,5369
10459,8000,5369
7408,3618,5369
7408,8000,9997
7408,8000,372
9369,3618,9997
7027,3618,9997
9369,3618,9997
7408,6718,5369
9369,3618,9997
7408,8000,9997
9369,8000,372
7408,8000,5369
9369,3618,9997
7408,8000,9997
7408,3618,372
7408,3618,372
10459,8000,372
7408,8000,372
7408,3618,372
7408,8000,372
7408,8000,372
7408,8000,372
7408,3618,372
7408,8000,372
7027,3618,6019
10459,3618,5369
10459,3618,5369
3411,3618,9997
3411,3618,9997
3411,8000,9997
10459,3618,5369
3411,3618,9997
3411,3618,9997
7027,803,6019
7027,803,1552
7027,3618,6019
7027,3618,9997
10459,8000,6019
7027,803,6019
7027,3618,6019
7027,3618,9997
10459,6718,1552
10459,3618,5369
10459,3618,9997
10459,8000,5369
10459,803,6019
10459,3618,5369
10459,3618,9997
10459,6718,5369
10459,6718,5369
10459,8000,5369
10459,6718,1552
10459,3618,5369
10459,6718,5369
7408,3618,5369
7408,8000,5369
10459,3618,5369
10459,3618,5369
7408,3618,5369
7408,8000,9997
10459,3618,9997
7408,3618,5369
7408,8000,9997
10459,8000,5369
7408,3618,5369
7408,8000,9997
10459,3618,5369
10459,3618,9997
7408,3618,5369
