ID_groupA,ID_groupB,ID_groupC,ID_groupD
10459,3618,5369,1930
7408,3618,5369,49
9369,3618,9997,9585
7408,3618,372,49
3411,3618,9997,9585
7027,1052,6019,6384
10459,3618,5369,1930
10459,6718,6019,1930
10459,3618,5369,1930
7408,8000,5369,1930
10459,8000,6019,1930
10459,3618,5369,1930
10459,3618,5369,1930
7408,3618,5369,9585
10459,8000,5369,1930
9369,8000,372,1930
7408,8000,372,1930
3411,3618,5369,1930
7027,803,1552,1930
10459,8000,5369,1930
10459,6718,5369,1930
10459,3618,5369,1930
7408,8000,9997,1930
10459,8000,5369,1930
10459,8000,5369,1930
10459,3618,5369,1930
7408,8000,9997,1930
9369,8000,372,49
7408,8000,372,49
7408,3618,5369,49
7027,8000,6019,1930
10459,8000,5369,1930
7408,6718,5369,1930
7408,3618,5369,49
7408,8000,9997,49
7408,8000,5369,1930
10459,8000,5369,1930
7408,3618,5369,49
7408,8000,9997,49
7408,8000,372,49
9369,3618,9997,9585
7027,3618,9997,6384
10459,8000,5369,49
7408,6718,5369,1930
9369,3618,9997,9585
7408,8000,9997,49
9369,8000,372,49
7408,8000,5369,1930
9369,3618,9997,9585
7408,8000,9997,49
7408,3618,372,49
7027,8000,372,1930
10459,8000,372,1930
7408,6718,372,1930
7408,3618,372,49
7408,8000,372,49
7408,8000,372,1930
7408,8000,372,1930
7408,3618,372,49
7408,8000,372,49
7027,1052,6019,3504
3411,1052,6019,3504
3411,6718,9997,1930
3411,3618,9997,9585
3411,3618,9997,3504
3411,8000,9997,1930
10459,1052,6019,3504
3411,3618,9997,9585
3411,3618,9997,9585
7027,803,6019,6384
7027,803,1552,6384
7027,3618,6019,6384
7027,3618,9997,6384
10459,8000,6019,1930
7027,3618,5369,6384
7027,3618,6019,6384
7027,3618,9997,9585
10459,6718,5369,1930
10459,3618,5369,1930
10459,8000,9997,1930
10459,8000,5369,1930
10459,8000,5369,1930
10459,3618,5369,1930
10459,3618,9997,9585
10459,6718,5369,1930
7408,6718,5369,1930
10459,8000,5369,1930
10459,6718,5369,1930
10459,3618,5369,1930
7408,6718,5369,1930
7408,8000,5369,1930
10459,8000,5369,1930
10459,3618,5369,1930
10459,3618,5369,1930
7408,3618,5369,9585
7408,8000,9997,49
7408,8000,5369,1930
7408,3618,5369,1930
7408,8000,5369,1930
10459,8000,5369,1930
10459,8000,6019,1930
7408,8000,9997,49
10459,3618,5369,1930
7408,8000,9997,1930
7408,3618,5369,9585
