ID_groupA,ID_groupB,ID_groupC,ID_groupD,ID_groupE
10459,8000,5369,1930,6036
3411,3618,5369,1930,4641
3411,8000,9997,1930,210
7027,8000,6019,1930,6036
10459,8000,5369,1930,6036
10459,8000,5369,1930,6036
10459,8000,5369,1930,6036
7408,8000,9997,49,210
7408,8000,5369,1930,3137
10459,8000,5369,1930,6036
7408,3618,5369,49,4641
7408,8000,9997,49,210
7408,8000,372,49,600
7408,8000,9997,49,600
7027,3618,9997,6384,210
7027,803,6019,6384,6036
7027,3618,6019,6384,4641
7027,3618,9997,9585,210
10459,6718,5369,1930,6036
10459,3618,5369,1930,6036
7408,8000,5369,1930,6036
10459,8000,5369,1930,6036
10459,8000,5369,1930,6036
10459,3618,5369,1930,4641
10459,3618,9997,9585,210
10459,6718,5369,1930,6036
10459,6718,9997,1930,6036
10459,8000,5369,1930,6036
10459,6718,5369,1930,6036
10459,3618,5369,1930,6036
7408,8000,9997,1930,210
7408,8000,5369,1930,6036
10459,8000,5369,1930,6036
10459,3618,5369,1930,6036
10459,3618,5369,1930,6036
7408,3618,5369,9585,210
7408,8000,9997,49,210
7408,8000,5369,1930,6036
7408,3618,5369,1930,4641
7408,8000,5369,1930,210
10459,8000,5369,1930,6036
7408,8000,9997,49,4641
7408,8000,9997,49,210
10459,3618,5369,1930,4641
7408,8000,9997,1930,210
7408,3618,5369,9585,210
7408,8000,5369,1930,600
7408,8000,5369,1930,600
9369,3618,9997,9585,210
7408,8000,9997,49,600
3411,8000,372,49,600
7027,8000,372,49,6036
10459,8000,372,1930,600
7408,6718,372,1930,600
9369,3618,9997,9585,210
7408,8000,372,49,600
7408,8000,372,49,600
7408,8000,372,1930,600
7408,3618,372,49,4641
7408,8000,372,49,210
7027,3618,6019,3504,4641
3411,3618,9997,9585,210
3411,6718,9997,1930,210
3411,3618,9997,9585,210
3411,3618,9997,3504,4641
3411,8000,9997,1930,210
3411,3618,9997,9585,210
3411,3618,9997,9585,210
3411,3618,9997,9585,210
7027,1052,6019,6384,6036
7027,6718,6019,1930,6036
7027,3618,6019,6384,6036
7027,3618,9997,6384,210
7027,8000,6019,1930,6036
7027,803,6019,6384,6036
7027,3618,6019,6384,4641
7027,3618,9997,9585,210
10459,6718,5369,1930,6036
10459,3618,5369,1930,6036
7408,8000,5369,1930,6036
10459,8000,5369,1930,6036
10459,8000,5369,1930,6036
10459,3618,5369,1930,4641
10459,3618,9997,9585,210
10459,6718,5369,1930,6036
10459,6718,9997,1930,6036
10459,8000,5369,1930,6036
10459,6718,5369,1930,6036
10459,3618,5369,1930,6036
7408,8000,9997,1930,210
7408,8000,5369,1930,6036
10459,8000,5369,1930,6036
10459,3618,5369,1930,6036
10459,3618,5369,1930,6036
7408,3618,5369,9585,210
7408,8000,9997,49,210
7408,8000,5369,1930,6036
7408,3618,5369,1930,4641
7408,8000,5369,1930,210
10459,8000,5369,1930,6036
7408,8000,9997,49,4641
7408,8000,9997,49,210
10459,3618,5369,1930,4641
7408,8000,9997,1930,210
7408,3618,5369,9585,210
