ID_groupA,ID_groupB
10459,3618
7408,3618
7408,3618
7408,3618
3411,3618
7027,1052
10459,3618
10459,6718
10459,3618
7408,3618
10459,8000
10459,3618
10459,3618
7408,3618
7408,8000
7408,8000
7408,8000
10459,3618
7027,803
10459,6718
10459,6718
10459,3618
7408,8000
10459,8000
10459,6718
10459,3618
7408,8000
7408,8000
7408,8000
3411,8000
7027,8000
10459,8000
7408,8000
7408,3618
7408,8000
7408,8000
10459,8000
7408,3618
7408,8000
7408,8000
7408,3618
7027,3618
10459,8000
7408,8000
7408,3618
7408,8000
7408,8000
7408,8000
7408,3618
7408,8000
7408,3618
7408,3618
10459,8000
7408,8000
7408,3618
7408,8000
7408,8000
7408,8000
7408,3618
7408,8000
7027,1052
10459,3618
10459,3618
3411,3618
3411,3618
3411,8000
10459,3618
3411,3618
3411,3618
7027,803
7027,803
7027,3618
7027,3618
7027,8000
10459,803
7027,1052
7027,3618
10459,6718
10459,3618
10459,3618
10459,8000
10459,803
10459,3618
10459,3618
10459,6718
7408,8000
10459,8000
10459,6718
10459,3618
7408,8000
7408,3618
10459,8000
10459,3618
10459,3618
7408,3618
7408,8000
7408,8000
7408,3618
7408,8000
10459,8000
10459,3618
7408,8000
10459,3618
7408,8000
7408,3618
