ID_START_VERTEX,ID_END_VERTEX
2010,6887
2010,8154
2010,9284
2010,3000
2010,5429
2010,6419
2010,5739
2010,10299
2010,5362
2010,9723
2010,6300
2010,3334
2010,4619
2010,9576
6887,8154
6887,9284
6887,3000
6887,5429
6887,6419
6887,5739
6887,10299
6887,5362
6887,9723
6887,6300
6887,3334
6887,4619
6887,9576
8154,9284
8154,3000
8154,5429
8154,6419
8154,5739
8154,10299
8154,5362
8154,9723
8154,6300
8154,3334
8154,4619
8154,9576
9284,3000
9284,5429
9284,6419
9284,5739
9284,10299
9284,5362
9284,9723
9284,6300
9284,3334
9284,4619
9284,9576
3000,5429
3000,6419
3000,5739
3000,10299
3000,5362
3000,9723
3000,6300
3000,3334
3000,4619
3000,9576
5429,6419
5429,5739
5429,10299
5429,5362
5429,9723
5429,6300
5429,3334
5429,4619
5429,9576
6419,5739
6419,10299
6419,5362
6419,9723
6419,6300
6419,3334
6419,4619
6419,9576
5739,10299
5739,5362
5739,9723
5739,6300
5739,3334
5739,4619
5739,9576
10299,5362
10299,9723
10299,6300
10299,3334
10299,4619
10299,9576
5362,9723
5362,6300
5362,3334
5362,4619
5362,9576
9723,6300
9723,3334
9723,4619
9723,9576
6300,3334
6300,4619
6300,9576
3334,4619
3334,9576
4619,9576
