ID_groupA,ID_groupB,ID_groupC,ID_groupD
13070,37888,50835,24430
13070,34364,31691,24430
13070,37888,50835,24430
13070,22680,24433,42914
13070,37888,48645,24430
13070,2368,31691,24430
13070,48121,50835,24430
13070,37888,31691,24430
13070,22680,31691,24430
13070,22680,24433,42914
13070,37888,50835,24430
13070,37888,50835,24430
13070,37888,48645,12012
13070,37888,48645,24430
12976,34364,35298,24430
12976,37888,50835,24430
12976,37888,31691,24430
12976,37888,48645,24430
13070,2368,31691,24430
12976,48121,50835,24430
12976,37888,31691,24430
12976,22680,31691,24430
12976,34364,35298,5633
12976,37888,50835,24430
12976,37888,50835,24430
12976,37888,50835,12012
24733,37888,48645,24430
12976,34364,50835,5633
12976,34364,31691,5633
12976,34364,35298,24430
13070,34364,31691,24430
12976,34364,35298,5633
12976,37888,35298,24430
12976,34364,31691,5633
44722,34364,35298,42914
12976,34364,50835,5633
12976,34364,50835,5633
12976,34364,35298,24430
24733,37888,50835,5633
12976,48121,31691,24430
24733,37888,50835,12012
13070,37888,50835,24430
12976,48121,50835,5633
12976,37888,50835,24430
12976,48121,31691,24430
44722,48121,35298,5633
12976,37888,50835,24430
12976,37888,50835,24430
12976,48121,50835,24430
24733,37888,50835,12012
12976,37888,31691,24430
13070,2368,31691,24430
44722,34364,35298,5633
12976,37888,31691,24430
44722,22680,35298,42914
44722,22680,31691,42914
12976,37888,31691,24430
12976,48121,31691,24430
13070,22680,24433,12012
24733,37888,31691,24430
13070,37888,48645,24430
12976,37888,48645,5633
24733,37888,48645,12012
13070,37888,48645,24430
12976,37888,35298,24430
12976,37888,48645,24430
24733,37888,50835,12012
13070,37888,48645,24430
24733,37888,48645,12012
1547,48121,50835,24430
1547,37888,31691,24430
13070,2368,31691,24430
1547,22680,24433,42914
1547,37888,50835,24430
1547,37888,50835,24430
13070,2368,24433,12012
1547,37888,48645,24430
12976,37888,50835,5633
12976,48121,31691,24430
44722,34364,35298,5633
12976,48121,50835,5633
12976,37888,50835,5633
12976,48121,50835,24430
24733,37888,50835,12012
12976,37888,31691,24430
12976,37888,35298,24430
12976,37888,31691,24430
12976,37888,50835,24430
12976,37888,50835,24430
24733,37888,48645,12012
44722,22680,31691,42914
12976,22680,31691,24430
13070,37888,50835,24430
13070,22680,24433,12012
24733,37888,31691,24430
44722,34364,35298,5633
44722,34364,35298,5633
12976,37888,35298,12012
12976,37888,35298,24430
12976,37888,50835,24430
12976,37888,50835,12012
24733,37888,50835,12012
13070,37888,50835,24430
24733,37888,50835,12012
24733,37888,48645,12012
