ID_groupA,ID_groupB,ID_groupC,ID_groupD,ID_groupE
13070,37888,50835,24430,17280
13070,34364,35298,24430,8303
13070,48121,50835,24430,17280
13070,37888,31691,12012,6610
13070,37888,48645,24430,6610
13070,37888,48645,12012,6610
13070,37888,50835,24430,17280
13070,37888,48645,12012,6610
13070,37888,31691,12012,6610
13070,34364,31691,24430,8303
13070,37888,50835,24430,17280
13070,37888,50835,24430,17280
13070,37888,48645,12012,6610
13070,37888,48645,24430,6610
12976,34364,50835,5633,17280
12976,48121,50835,24430,17280
12976,37888,31691,24430,17280
12976,37888,48645,24430,6610
13070,37888,50835,24430,17280
12976,48121,50835,24430,17280
12976,37888,50835,24430,17280
12976,37888,50835,24430,17280
12976,34364,35298,5633,17280
12976,37888,50835,24430,17280
12976,48121,50835,24430,17280
12976,37888,50835,12012,17280
24733,37888,48645,24430,6610
12976,34364,50835,5633,17280
12976,34364,31691,5633,17280
12976,34364,35298,24430,6610
13070,34364,35298,24430,8303
12976,48121,50835,5633,17280
12976,34364,50835,5633,17280
12976,34364,31691,5633,17280
44722,34364,35298,42914,8303
12976,34364,50835,5633,17280
12976,34364,50835,5633,17280
12976,34364,35298,24430,8303
24733,37888,50835,5633,17280
12976,48121,31691,24430,17280
24733,37888,50835,12012,6610
13070,48121,50835,24430,17280
12976,48121,50835,5633,17280
12976,37888,50835,24430,17280
12976,48121,31691,24430,17280
12976,34364,50835,5633,17280
12976,48121,50835,24430,17280
12976,37888,50835,24430,17280
12976,48121,50835,24430,17280
24733,37888,50835,12012,6610
12976,37888,31691,24430,6610
1547,37888,31691,24430,6610
12976,48121,31691,24430,17280
12976,37888,31691,24430,17280
12976,37888,50835,24430,17280
44722,34364,35298,42914,8303
44722,34364,35298,5633,8303
12976,48121,31691,24430,17280
12976,37888,50835,12012,17280
24733,37888,31691,24430,6610
13070,37888,48645,24430,6610
12976,37888,48645,5633,6610
24733,37888,48645,12012,6610
13070,22680,24433,12012,6610
12976,37888,35298,24430,6610
12976,37888,48645,24430,6610
24733,37888,50835,12012,6610
13070,37888,48645,24430,6610
24733,37888,48645,12012,6610
1547,37888,50835,24430,17280
1547,37888,48645,12012,6610
1547,37888,31691,24430,6610
1547,22680,24433,42914,8303
1547,37888,50835,24430,17280
1547,37888,50835,24430,17280
13070,37888,48645,12012,6610
1547,37888,48645,24430,6610
12976,37888,50835,5633,17280
12976,48121,31691,24430,17280
44722,34364,35298,5633,8303
12976,48121,50835,5633,17280
12976,37888,50835,24430,17280
12976,48121,50835,24430,17280
24733,37888,50835,12012,17280
12976,37888,50835,24430,17280
12976,37888,35298,24430,8303
12976,37888,50835,5633,17280
12976,37888,50835,24430,17280
12976,37888,50835,24430,17280
24733,37888,48645,12012,6610
12976,34364,31691,5633,8303
12976,37888,50835,24430,17280
12976,48121,31691,24430,17280
12976,37888,31691,12012,6610
24733,37888,31691,24430,6610
44722,34364,35298,5633,8303
12976,34364,50835,5633,17280
12976,37888,35298,12012,6610
12976,37888,35298,24430,6610
12976,48121,50835,5633,17280
12976,37888,50835,12012,17280
24733,37888,50835,12012,17280
12976,48121,50835,24430,17280
24733,37888,50835,12012,6610
24733,37888,48645,12012,6610
