ID_groupA,ID_groupB,ID_groupC
13070,37888,50835
13070,34364,31691
13070,37888,50835
13070,22680,24433
13070,37888,48645
1547,2368,24433
13070,37888,50835
13070,37888,31691
13070,22680,24433
13070,22680,35298
13070,37888,50835
13070,37888,50835
13070,37888,48645
13070,37888,48645
12976,34364,35298
12976,48121,50835
12976,22680,31691
12976,37888,48645
13070,2368,31691
12976,48121,50835
12976,37888,50835
12976,22680,31691
12976,34364,35298
12976,37888,50835
12976,37888,50835
12976,37888,50835
24733,37888,48645
12976,34364,50835
44722,34364,35298
12976,37888,48645
13070,34364,31691
12976,34364,35298
12976,34364,35298
12976,34364,31691
44722,34364,35298
12976,34364,35298
12976,34364,50835
12976,34364,35298
24733,37888,50835
12976,48121,31691
24733,37888,50835
13070,37888,50835
12976,48121,50835
12976,37888,50835
12976,48121,31691
12976,48121,35298
12976,48121,50835
12976,48121,50835
12976,48121,50835
24733,37888,50835
12976,37888,31691
1547,22680,24433
12976,48121,31691
12976,37888,31691
13070,22680,24433
44722,34364,35298
44722,34364,35298
12976,48121,31691
13070,22680,24433
24733,37888,31691
13070,37888,48645
12976,37888,48645
24733,37888,48645
13070,37888,48645
12976,37888,35298
12976,37888,48645
24733,37888,50835
13070,37888,48645
24733,37888,48645
1547,37888,50835
1547,37888,31691
1547,22680,24433
1547,22680,24433
1547,2368,31691
1547,37888,50835
13070,2368,24433
1547,37888,48645
12976,48121,50835
12976,48121,31691
44722,34364,35298
12976,48121,50835
12976,48121,50835
12976,48121,50835
24733,37888,50835
12976,37888,31691
12976,37888,35298
12976,37888,50835
12976,37888,50835
24733,37888,48645
24733,37888,48645
44722,22680,35298
12976,22680,31691
13070,37888,50835
13070,22680,24433
24733,37888,31691
44722,34364,35298
12976,48121,35298
12976,37888,35298
12976,37888,35298
12976,37888,50835
12976,37888,50835
24733,37888,50835
13070,37888,50835
24733,37888,50835
24733,37888,48645
