ID_groupA,ID_groupB
13070,37888
13070,34364
13070,37888
13070,22680
13070,37888
1547,2368
13070,48121
13070,37888
13070,22680
13070,22680
13070,37888
13070,37888
13070,37888
13070,37888
12976,34364
12976,48121
12976,37888
12976,37888
13070,37888
12976,48121
12976,37888
13070,37888
12976,34364
12976,37888
12976,48121
12976,37888
24733,37888
12976,34364
44722,34364
12976,37888
13070,34364
12976,34364
12976,34364
12976,34364
44722,34364
12976,34364
12976,34364
12976,34364
12976,37888
12976,48121
24733,37888
13070,37888
12976,48121
12976,48121
12976,48121
44722,48121
12976,48121
12976,48121
12976,48121
24733,37888
12976,37888
1547,22680
12976,48121
12976,37888
13070,22680
44722,34364
44722,34364
12976,48121
13070,22680
24733,37888
1547,2368
12976,37888
24733,37888
13070,37888
12976,37888
12976,37888
12976,37888
24733,37888
24733,37888
13070,48121
1547,37888
1547,2368
1547,22680
13070,2368
1547,37888
1547,2368
1547,2368
12976,37888
12976,48121
44722,34364
12976,48121
12976,48121
12976,37888
24733,37888
13070,37888
12976,37888
12976,37888
12976,37888
13070,37888
24733,37888
44722,22680
12976,22680
13070,37888
13070,22680
24733,37888
44722,34364
44722,34364
12976,37888
12976,37888
12976,48121
12976,37888
12976,37888
12976,37888
24733,37888
24733,37888
