ID_START_VERTEX,ID_END_VERTEX
28574,21835
28574,12351
28574,50504
28574,31163
28574,21827
28574,711
28574,19462
28574,19917
28574,31236
28574,15376
28574,3820
28574,13596
28574,49726
28574,11036
21835,12351
21835,50504
21835,31163
21835,21827
21835,711
21835,19462
21835,19917
21835,31236
21835,15376
21835,3820
21835,13596
21835,49726
21835,11036
12351,50504
12351,31163
12351,21827
12351,711
12351,19462
12351,19917
12351,31236
12351,15376
12351,3820
12351,13596
12351,49726
12351,11036
50504,31163
50504,21827
50504,711
50504,19462
50504,19917
50504,31236
50504,15376
50504,3820
50504,13596
50504,49726
50504,11036
31163,21827
31163,711
31163,19462
31163,19917
31163,31236
31163,15376
31163,3820
31163,13596
31163,49726
31163,11036
21827,711
21827,19462
21827,19917
21827,31236
21827,15376
21827,3820
21827,13596
21827,49726
21827,11036
711,19462
711,19917
711,31236
711,15376
711,3820
711,13596
711,49726
711,11036
19462,19917
19462,31236
19462,15376
19462,3820
19462,13596
19462,49726
19462,11036
19917,31236
19917,15376
19917,3820
19917,13596
19917,49726
19917,11036
31236,15376
31236,3820
31236,13596
31236,49726
31236,11036
15376,3820
15376,13596
15376,49726
15376,11036
3820,13596
3820,49726
3820,11036
13596,49726
13596,11036
49726,11036
