ID_groupA,ID_groupB,ID_groupC,ID_groupD
90331,86970,1468,126661
90331,86970,1468,45512
90331,81077,1468,56503
90331,81077,1468,56503
90331,81077,1468,56503
90331,81077,1468,56503
90331,81077,76609,2856
90331,86970,1468,45512
90331,124100,1468,45512
90331,86970,1468,45512
90331,86970,1468,126661
90331,86970,1468,126661
90331,81077,1468,56906
90331,81077,50275,56906
90331,86970,1468,45512
90331,81077,1468,126661
90331,81077,1468,56503
90331,81077,1468,56503
90331,81077,50275,56906
90331,81077,76609,2856
90331,86970,1468,45512
90331,124100,1468,126661
90331,86970,1468,126661
90331,86970,1468,126661
90331,86970,1468,45512
90331,124100,1468,2856
90331,81077,50275,56906
90331,86970,1468,45512
59549,86970,1468,45512
90331,86970,1468,56503
90331,86970,50275,56906
90331,86970,76609,2856
16437,86970,32401,45512
16437,124100,32401,45512
90331,86970,1468,45512
90331,86970,1468,126661
90331,86970,1468,45512
90331,81077,1468,45512
90331,86970,50275,56906
59549,81077,76609,2856
90331,81077,1468,56503
90331,81077,50275,56906
90331,81077,76609,2856
90331,81077,1468,45512
90331,124100,1468,56906
90331,81077,1468,56906
90331,81077,1468,126661
90331,86970,1468,45512
90331,81077,1468,2856
90331,81077,50275,56906
59549,81077,59775,56503
59549,81077,50275,56906
59549,81077,76609,2856
59549,124100,1468,2856
59549,124100,1468,2856
90331,81077,1468,56503
59549,86970,1468,126661
59549,86970,1468,45512
59549,81077,76609,2856
59549,81077,50275,56906
90331,81077,50275,56906
90331,81077,1468,56503
90331,124100,1468,56503
90331,81077,1468,56503
90331,81077,1468,56503
90331,81077,1468,126661
90331,81077,1468,56503
90331,81077,1468,56503
90331,81077,1468,56503
59549,81077,50275,56906
90331,81077,1468,45512
90331,124100,50275,56906
90331,81077,50275,56906
90331,86970,50275,56906
90331,86970,50275,56906
90331,81077,50275,56906
90331,49866,50275,56906
90331,124100,1468,2856
90331,124100,1468,2856
90331,81077,76609,2856
90331,124100,1468,126661
90331,81077,76609,2856
90331,81077,76609,2856
59549,81077,50275,56906
16437,124100,32401,45512
90331,86970,1468,45512
90331,124100,1468,126661
16437,86970,32401,45512
90331,81077,1468,45512
90331,124100,1468,56906
90331,124100,1468,45512
90331,124100,1468,126661
90331,124100,1468,45512
90331,124100,1468,56906
90331,124100,1468,56906
90331,86970,1468,126661
90331,86970,1468,45512
90331,124100,1468,2856
90331,81077,50275,56906
90331,86970,1468,126661
90331,86970,1468,126661
90331,86970,50275,56906
90331,86970,1468,45512
90331,86970,50275,56906
90331,81077,50275,56906
