ID_groupA,ID_groupB
90331,81077
90331,86970
90331,81077
59549,81077
90331,81077
90331,49866
90331,81077
90331,124100
90331,124100
90331,81077
90331,86970
90331,86970
90331,81077
90331,49866
90331,86970
90331,81077
90331,81077
90331,81077
90331,81077
90331,81077
90331,124100
90331,124100
90331,49866
90331,86970
90331,86970
90331,81077
90331,49866
90331,86970
90331,81077
90331,86970
90331,86970
90331,86970
16437,86970
90331,86970
90331,86970
49668,86970
90331,86970
90331,81077
90331,86970
59549,81077
90331,81077
90331,81077
59549,81077
90331,124100
90331,124100
90331,81077
90331,86970
90331,81077
90331,81077
90331,49866
59549,81077
59549,81077
59549,81077
59549,124100
59549,124100
90331,81077
90331,81077
90331,81077
59549,81077
59549,81077
90331,81077
59549,81077
90331,124100
90331,81077
90331,81077
90331,81077
90331,81077
90331,81077
90331,81077
59549,81077
90331,124100
90331,124100
90331,81077
90331,81077
90331,81077
90331,81077
90331,81077
59549,124100
59549,124100
90331,81077
90331,81077
90331,81077
59549,81077
90331,49866
16437,124100
90331,124100
16437,86970
90331,124100
90331,81077
90331,124100
90331,124100
90331,124100
90331,124100
90331,81077
90331,124100
90331,86970
90331,86970
90331,81077
90331,49866
49668,86970
90331,81077
49668,49866
90331,81077
90331,49866
90331,81077
