ID_START_VERTEX,ID_END_VERTEX
15892,56882
15892,49302
15892,73588
15892,61530
15892,104755
15892,55304
15892,76544
15892,3073
15892,104627
15892,70509
15892,58944
15892,125970
15892,61814
15892,2605
56882,49302
56882,73588
56882,61530
56882,104755
56882,55304
56882,76544
56882,3073
56882,104627
56882,70509
56882,58944
56882,125970
56882,61814
56882,2605
49302,73588
49302,61530
49302,104755
49302,55304
49302,76544
49302,3073
49302,104627
49302,70509
49302,58944
49302,125970
49302,61814
49302,2605
73588,61530
73588,104755
73588,55304
73588,76544
73588,3073
73588,104627
73588,70509
73588,58944
73588,125970
73588,61814
73588,2605
61530,104755
61530,55304
61530,76544
61530,3073
61530,104627
61530,70509
61530,58944
61530,125970
61530,61814
61530,2605
104755,55304
104755,76544
104755,3073
104755,104627
104755,70509
104755,58944
104755,125970
104755,61814
104755,2605
55304,76544
55304,3073
55304,104627
55304,70509
55304,58944
55304,125970
55304,61814
55304,2605
76544,3073
76544,104627
76544,70509
76544,58944
76544,125970
76544,61814
76544,2605
3073,104627
3073,70509
3073,58944
3073,125970
3073,61814
3073,2605
104627,70509
104627,58944
104627,125970
104627,61814
104627,2605
70509,58944
70509,125970
70509,61814
70509,2605
58944,125970
58944,61814
58944,2605
125970,61814
125970,2605
61814,2605
