ID_START_VERTEX,ID_END_VERTEX
630,4912
630,4039
630,91
630,2394
630,2675
630,3589
630,106
630,629
630,3216
630,3923
630,2156
630,233
630,3132
630,643
4912,4039
4912,91
4912,2394
4912,2675
4912,3589
4912,106
4912,629
4912,3216
4912,3923
4912,2156
4912,233
4912,3132
4912,643
4039,91
4039,2394
4039,2675
4039,3589
4039,106
4039,629
4039,3216
4039,3923
4039,2156
4039,233
4039,3132
4039,643
91,2394
91,2675
91,3589
91,106
91,629
91,3216
91,3923
91,2156
91,233
91,3132
91,643
2394,2675
2394,3589
2394,106
2394,629
2394,3216
2394,3923
2394,2156
2394,233
2394,3132
2394,643
2675,3589
2675,106
2675,629
2675,3216
2675,3923
2675,2156
2675,233
2675,3132
2675,643
3589,106
3589,629
3589,3216
3589,3923
3589,2156
3589,233
3589,3132
3589,643
106,629
106,3216
106,3923
106,2156
106,233
106,3132
106,643
629,3216
629,3923
629,2156
629,233
629,3132
629,643
3216,3923
3216,2156
3216,233
3216,3132
3216,643
3923,2156
3923,233
3923,3132
3923,643
2156,233
2156,3132
2156,643
233,3132
233,643
3132,643
