ID_groupA,ID_groupB
62566,26483
15949,26483
40494,26483
62566,26483
87932,30447
62566,26483
87932,26483
40494,26483
15949,26483
62566,34590
62566,26483
40494,26483
87932,30447
62566,26483
15949,34590
40494,26483
62566,26483
62566,26483
62566,26483
87932,26483
40494,26483
15949,34590
15949,34590
62566,26483
40494,26483
62566,26483
62566,26483
40494,18380
15949,18380
15949,26483
15949,34590
15949,26483
15949,26483
15949,18380
15949,34590
15949,34590
15949,18380
15949,26483
15949,26483
40494,26483
40494,26483
40494,26483
40494,62914
40494,26483
40494,26483
40494,26483
40494,26483
40494,26483
40494,26483
40494,26483
62566,30447
62566,26483
40494,62914
62566,26483
15949,34590
26544,34590
62566,26483
15949,34590
62566,30447
62566,26483
62566,30447
87932,30447
62566,26483
62566,34590
62566,30447
62566,30447
62566,26483
87932,30447
62566,30447
62566,26483
62566,26483
62566,34590
62566,34590
62566,26483
62566,26483
62566,30447
62566,26483
40494,62914
15949,26483
87932,26483
62566,26483
40494,62914
87932,30447
87932,26483
15949,26483
62566,26483
62566,26483
40494,26483
62566,26483
40494,26483
15949,34590
62566,34590
15949,18380
62566,34590
15949,26483
62566,34590
15949,34590
62566,34590
62566,34590
62566,26483
62566,30447
62566,26483
40494,26483
40494,26483
62566,30447
