ID_groupA,ID_groupB,ID_groupC,ID_groupD
62566,34590,108584,18418
15949,26483,108584,8228
40494,26483,108584,8228
62566,34590,108584,18418
87932,30447,108584,30293
62566,26483,108584,18418
87932,30447,108584,30293
62566,26483,108584,18418
15949,26483,108584,8228
62566,34590,108584,18418
62566,26483,108584,18418
40494,26483,108584,8228
62566,30447,108584,30293
62566,26483,108584,18418
15949,34590,19631,19699
40494,26483,41660,18418
15949,34590,19631,18418
62566,30447,108584,18418
62566,26483,108584,18418
40494,26483,41660,18418
40494,26483,41660,18418
15949,34590,19631,18418
62566,26483,108584,18418
62566,26483,108584,18418
15949,34590,11811,18418
62566,34590,108584,18418
62566,26483,108584,18418
40494,18380,11811,8228
15949,18380,11811,8228
15949,26483,108584,8228
62566,26483,108584,8228
15949,26483,41660,8228
40494,18380,11811,8228
15949,18380,11811,8228
15949,34590,19631,19699
62566,26483,108584,8228
15949,18380,11811,8228
15949,26483,108584,8228
15949,26483,41660,8228
40494,26483,41660,18418
40494,26483,108584,8228
40494,26483,41660,18418
40494,26483,41660,8228
40494,26483,41660,8228
40494,26483,41660,18418
40494,26483,41660,18418
40494,26483,41660,18418
40494,26483,11811,8228
40494,26483,108584,30293
40494,26483,41660,18418
62566,30447,108584,30293
62566,26483,108584,18418
15949,26483,41660,8228
40494,26483,41660,18418
15949,34590,19631,18418
15949,34590,19631,18418
62566,26483,108584,18418
15949,34590,11811,8228
62566,34590,108584,18418
40494,26483,41660,8228
62566,30447,108584,30293
87932,30447,41660,30293
87932,30447,41660,30293
62566,30447,108584,18418
62566,34590,108584,18418
62566,30447,108584,30293
62566,26483,11811,8228
87932,30447,108584,30293
62566,30447,108584,18418
62566,26483,41660,18418
62566,26483,41660,18418
62566,26483,108584,18418
62566,26483,108584,18418
62566,26483,108584,18418
62566,26483,11811,8228
62566,30447,108584,30293
62566,26483,108584,18418
40494,26483,41660,8228
15949,26483,41660,8228
40494,26483,41660,18418
62566,26483,41660,18418
40494,26483,41660,8228
87932,30447,41660,30293
40494,26483,41660,8228
15949,26483,41660,8228
40494,26483,41660,18418
62566,26483,41660,18418
40494,26483,11811,8228
62566,26483,108584,18418
40494,26483,41660,8228
15949,34590,19631,18418
62566,26483,108584,18418
15949,18380,11811,19699
15949,26483,108584,8228
15949,26483,19631,8228
62566,26483,108584,18418
15949,34590,11811,8228
62566,34590,108584,18418
62566,34590,108584,18418
62566,26483,11811,8228
62566,30447,108584,30293
62566,26483,108584,18418
40494,26483,108584,8228
40494,26483,11811,8228
87932,26483,41660,30293
