ID_groupA,ID_groupB,ID_groupC,ID_groupD,ID_groupE
62566,26483,108584,18418,104257
15949,26483,108584,8228,110169
40494,26483,108584,8228,110169
62566,34590,108584,18418,104257
62566,26483,108584,18418,104257
62566,26483,108584,18418,104257
40494,26483,41660,8228,110169
62566,26483,108584,18418,104257
15949,26483,108584,8228,110169
62566,34590,108584,18418,104257
62566,26483,108584,18418,104257
62566,26483,108584,8228,104257
62566,30447,108584,30293,104942
62566,26483,108584,18418,104257
15949,26483,41660,8228,110169
40494,26483,41660,18418,46845
15949,26483,19631,8228,110169
62566,30447,108584,18418,104257
62566,26483,108584,18418,104257
40494,26483,41660,18418,110169
62566,26483,108584,18418,104257
15949,26483,19631,8228,110169
62566,26483,108584,18418,104257
62566,26483,108584,18418,43047
40494,26483,11811,8228,110169
62566,26483,108584,18418,104257
62566,26483,108584,18418,104257
40494,18380,11811,8228,110169
15949,26483,108584,8228,110169
15949,26483,108584,8228,110169
62566,26483,11811,8228,104257
15949,26483,41660,8228,110169
15949,26483,41660,8228,110169
15949,18380,11811,8228,110169
15949,26483,41660,8228,110169
62566,26483,11811,8228,104257
15949,26483,11811,8228,110169
15949,26483,108584,8228,110169
15949,26483,41660,8228,110169
40494,26483,41660,8228,110169
40494,26483,108584,8228,110169
40494,26483,41660,18418,104257
40494,26483,41660,8228,110169
40494,26483,41660,8228,110169
15949,26483,41660,8228,110169
40494,26483,41660,18418,104257
40494,26483,41660,18418,43047
40494,26483,11811,8228,110169
40494,26483,108584,30293,110169
40494,26483,41660,8228,110169
62566,30447,108584,18418,104257
62566,34590,108584,18418,104257
15949,26483,41660,8228,110169
15949,26483,19631,8228,110169
15949,26483,108584,8228,110169
62566,26483,108584,18418,104257
62566,26483,108584,18418,43047
40494,26483,11811,8228,110169
62566,34590,108584,18418,104257
62566,34590,108584,18418,104257
62566,30447,108584,30293,104257
62566,26483,41660,18418,104942
62566,26483,108584,18418,104257
62566,30447,108584,18418,104257
62566,34590,108584,18418,104257
62566,30447,108584,30293,43047
62566,26483,11811,8228,104257
87932,30447,108584,30293,104942
62566,30447,108584,30293,104257
62566,26483,41660,18418,104257
62566,26483,41660,18418,104257
15949,34590,19631,18418,104257
62566,34590,108584,18418,104257
62566,26483,108584,18418,104257
62566,26483,11811,8228,104257
62566,26483,108584,18418,104257
62566,26483,108584,18418,104257
40494,26483,41660,8228,110169
15949,26483,41660,8228,110169
62566,26483,41660,18418,104257
62566,26483,41660,18418,104257
40494,62914,11811,8228,46845
62566,26483,41660,30293,104257
40494,26483,41660,8228,110169
15949,26483,41660,8228,110169
62566,26483,108584,18418,104257
62566,26483,41660,18418,104257
40494,26483,11811,8228,110169
62566,26483,108584,30293,104257
40494,26483,41660,8228,110169
15949,26483,19631,8228,110169
15949,34590,19631,109939,43047
15949,26483,11811,8228,110169
62566,34590,108584,18418,104257
15949,26483,19631,8228,110169
62566,34590,108584,18418,104257
15949,34590,11811,8228,110169
62566,34590,108584,18418,104257
62566,34590,108584,18418,104257
62566,26483,11811,8228,104257
62566,30447,108584,30293,43047
62566,26483,108584,109939,43047
62566,26483,108584,8228,104257
40494,26483,11811,8228,110169
62566,26483,108584,18418,104257
