ID_groupA,ID_groupB,ID_groupC
62566,26483,108584
15949,26483,108584
40494,26483,108584
62566,26483,108584
62566,30447,108584
62566,26483,108584
40494,26483,41660
62566,26483,108584
15949,26483,108584
62566,34590,108584
62566,26483,108584
40494,26483,108584
62566,30447,108584
62566,26483,108584
15949,18380,11811
40494,26483,41660
62566,26483,108584
62566,26483,108584
62566,26483,108584
40494,26483,41660
40494,26483,41660
15949,34590,19631
62566,26483,108584
62566,26483,108584
40494,26483,11811
62566,26483,108584
62566,26483,108584
40494,18380,11811
15949,18380,19631
15949,26483,108584
15949,26483,108584
15949,26483,41660
40494,18380,11811
15949,18380,19631
15949,34590,11811
62566,26483,108584
15949,18380,11811
15949,26483,108584
40494,26483,11811
40494,26483,41660
40494,26483,108584
40494,26483,41660
40494,26483,41660
40494,26483,41660
40494,26483,41660
40494,26483,41660
62566,26483,41660
40494,26483,11811
40494,26483,108584
40494,26483,41660
62566,30447,108584
62566,26483,108584
62566,26483,41660
62566,26483,108584
15949,34590,19631
15949,34590,19631
62566,26483,108584
15949,18380,11811
62566,30447,108584
62566,26483,108584
62566,30447,108584
87932,30447,108584
62566,26483,108584
15949,26483,108584
62566,30447,108584
62566,30447,108584
40494,26483,108584
87932,30447,108584
62566,30447,108584
62566,26483,41660
62566,26483,108584
15949,34590,19631
62566,26483,108584
62566,26483,108584
62566,26483,11811
62566,30447,108584
62566,26483,108584
40494,26483,41660
15949,26483,41660
62566,26483,41660
62566,26483,41660
40494,26483,41660
87932,30447,108584
40494,26483,41660
15949,26483,41660
62566,26483,108584
62566,26483,108584
40494,26483,11811
62566,26483,108584
40494,26483,41660
15949,34590,19631
15949,34590,19631
15949,18380,11811
15949,26483,108584
15949,26483,19631
62566,26483,108584
15949,34590,11811
62566,34590,108584
62566,34590,108584
62566,26483,11811
62566,30447,108584
62566,26483,108584
40494,26483,108584
40494,26483,11811
62566,26483,108584
