ID_START_VERTEX,ID_END_VERTEX
103153,8434
103153,62022
103153,31022
103153,104519
103153,14251
103153,37863
103153,94472
103153,101104
103153,3746
103153,102109
103153,70222
103153,90894
103153,101361
103153,6950
8434,62022
8434,31022
8434,104519
8434,14251
8434,37863
8434,94472
8434,101104
8434,3746
8434,102109
8434,70222
8434,90894
8434,101361
8434,6950
62022,31022
62022,104519
62022,14251
62022,37863
62022,94472
62022,101104
62022,3746
62022,102109
62022,70222
62022,90894
62022,101361
62022,6950
31022,104519
31022,14251
31022,37863
31022,94472
31022,101104
31022,3746
31022,102109
31022,70222
31022,90894
31022,101361
31022,6950
104519,14251
104519,37863
104519,94472
104519,101104
104519,3746
104519,102109
104519,70222
104519,90894
104519,101361
104519,6950
14251,37863
14251,94472
14251,101104
14251,3746
14251,102109
14251,70222
14251,90894
14251,101361
14251,6950
37863,94472
37863,101104
37863,3746
37863,102109
37863,70222
37863,90894
37863,101361
37863,6950
94472,101104
94472,3746
94472,102109
94472,70222
94472,90894
94472,101361
94472,6950
101104,3746
101104,102109
101104,70222
101104,90894
101104,101361
101104,6950
3746,102109
3746,70222
3746,90894
3746,101361
3746,6950
102109,70222
102109,90894
102109,101361
102109,6950
70222,90894
70222,101361
70222,6950
90894,101361
90894,6950
101361,6950
