ID_groupA,ID_groupB,ID_groupC,ID_groupD
9959,14824,145,9077
12559,14824,145,11885
9959,14824,2467,9077
9959,14824,2683,9077
9959,14824,145,9077
9959,14824,145,9077
12559,14824,145,9077
13287,14824,2467,11885
12559,14824,4602,11885
9959,14824,2467,5017
9959,14824,2467,9077
3108,14824,2683,9077
3108,14824,2683,22891
12559,14824,145,9077
9959,14824,2467,11885
9959,14824,2467,9077
9959,14824,2683,9077
9959,4942,145,9077
9959,14824,145,9077
12559,14824,145,9077
13287,14824,2467,11885
12559,11408,145,11885
9959,14824,2467,5017
9959,14824,2467,9077
3108,14824,2683,9077
3108,14824,2683,9077
9959,14824,2467,9077
12559,10366,2467,11885
12559,14824,2683,11885
12559,4942,145,11885
12559,14824,145,11885
12559,14824,145,11885
13287,11408,13495,11885
13287,11408,13495,11885
12559,10366,2467,5017
12559,10366,2467,11885
3108,14824,2467,11885
3108,14824,2467,11885
12559,14824,145,11885
9959,14824,2467,9077
9959,14824,145,9077
9959,14824,2467,9077
12559,14824,2467,9077
13287,10366,13495,11885
12559,11408,2467,11885
12559,10366,2467,5017
12559,10366,2467,5021
3108,14824,2467,9077
3108,11294,2683,22891
9959,14824,2467,9077
9959,4942,145,9077
9959,14824,2683,9077
12559,14824,2683,9077
13287,14824,2683,11885
12559,11408,2683,11885
3108,14824,2683,5017
9959,14824,2467,9077
3108,14824,2683,9077
3108,11294,2683,22891
9959,14824,2683,9077
9959,4942,145,9077
12559,4942,145,9077
13287,4942,13495,11885
12559,4942,4602,11885
12559,4942,145,5017
12559,10366,145,5021
3108,14824,145,9077
9959,4942,145,9077
9959,14824,145,9077
12559,14824,145,9077
13287,14824,2467,11885
12559,11408,145,11885
9959,14824,2467,5017
9959,14824,2467,9077
3108,14824,2683,9077
3108,14824,2683,9077
9959,14824,2467,9077
12559,11408,13495,11885
12559,11408,4602,11885
12559,10366,2467,5017
12559,10366,2467,5021
3108,14824,145,9077
12559,14824,145,9077
12559,14824,145,9077
13287,11408,13495,11885
13287,11408,13495,11885
13287,10366,13495,11885
13287,14824,2467,11885
13287,14824,2467,11885
13287,11408,13495,11885
13287,11408,13495,11885
5205,10366,4602,5021
3108,14824,4602,11885
3108,14824,4602,11885
12559,11408,4602,11885
12559,10366,2467,5017
3108,14824,2467,5017
3108,14824,2467,5017
12559,10366,2467,5017
3108,10366,2467,9077
3108,10366,2467,22891
12559,10366,2467,5021
3108,11294,2683,22891
3108,14824,2467,9077
3108,14824,2467,22891
