ID_groupA,ID_groupB
9959,14824
12559,14824
9959,14824
3108,14824
9959,14824
9959,14824
12559,14824
13287,14824
12559,11408
12559,14824
9959,14824
3108,14824
3108,14824
12559,14824
9959,14824
9959,14824
9959,14824
9959,4942
9959,14824
12559,14824
13287,14824
9959,11408
9959,14824
9959,14824
3108,14824
3108,14824
9959,14824
12559,10366
12559,14824
12559,4942
12559,14824
12559,14824
13287,11408
13287,11408
12559,10366
12559,10366
3108,14824
3108,14824
12559,14824
3108,11294
12559,4942
9959,14824
12559,10366
13287,10366
5205,10366
12559,10366
12559,10366
3108,11294
3108,11294
12559,10366
9959,4942
9959,14824
12559,14824
13287,14824
12559,11408
3108,14824
3108,11294
3108,11294
3108,11294
3108,14824
9959,4942
12559,4942
13287,4942
13287,11408
12559,4942
12559,10366
3108,14824
3108,14824
12559,4942
12559,14824
13287,14824
12559,11408
9959,14824
9959,14824
3108,14824
3108,14824
9959,14824
12559,11408
12559,11408
12559,10366
12559,10366
3108,14824
12559,14824
12559,14824
13287,11408
13287,11408
13287,10366
13287,14824
13287,14824
13287,11408
13287,11408
5205,10366
3108,11408
3108,11408
12559,11408
12559,10366
3108,14824
3108,14824
12559,10366
3108,10366
3108,10366
12559,10366
3108,14824
3108,14824
3108,14824
