ID_groupA,ID_groupB,ID_groupC
9959,14824,145
12559,14824,145
9959,14824,2467
3108,14824,2683
9959,14824,145
9959,14824,145
12559,14824,145
13287,14824,2467
12559,14824,4602
9959,14824,2467
9959,14824,2467
3108,14824,2683
3108,14824,2683
12559,14824,145
9959,14824,2467
9959,14824,2467
9959,14824,2683
9959,4942,145
9959,14824,145
12559,14824,145
13287,14824,2467
12559,11408,145
9959,14824,2467
9959,14824,2467
3108,14824,2683
3108,14824,2683
9959,14824,2467
12559,10366,2467
12559,14824,2683
12559,4942,145
12559,14824,145
12559,14824,145
13287,11408,13495
13287,11408,13495
12559,10366,2467
12559,10366,2467
3108,14824,2467
3108,14824,2467
12559,14824,145
3108,11294,2683
12559,4942,2467
9959,14824,2467
12559,10366,2467
13287,10366,13495
5205,10366,4602
12559,10366,2467
12559,10366,2467
3108,11294,2683
3108,11294,2683
12559,10366,2467
9959,4942,145
9959,14824,2683
12559,14824,2683
13287,14824,2683
12559,11408,2683
3108,14824,2683
3108,11294,2683
3108,11294,2683
3108,11294,2683
3108,14824,2683
9959,4942,145
12559,4942,145
13287,4942,13495
13287,11408,13495
12559,4942,145
12559,10366,2467
3108,14824,145
3108,14824,145
12559,4942,145
12559,14824,145
13287,14824,2467
12559,11408,145
9959,14824,2467
9959,14824,2467
3108,14824,2683
3108,14824,2683
9959,14824,2467
12559,11408,13495
12559,11408,4602
12559,10366,2467
12559,10366,2467
3108,14824,145
12559,14824,145
12559,14824,145
13287,11408,13495
13287,11408,13495
13287,10366,13495
12559,14824,145
12559,14824,145
13287,11408,13495
13287,11408,13495
5205,10366,4602
3108,14824,4602
3108,14824,4602
12559,11408,4602
12559,10366,2467
3108,14824,2467
3108,14824,2467
12559,10366,2467
3108,10366,2467
3108,10366,2467
12559,10366,2467
3108,11294,2683
3108,14824,2467
3108,14824,2467
