ID_groupA,ID_groupB,ID_groupC,ID_groupD,ID_groupE
9959,14824,2467,9077,22993
12559,14824,2467,11885,22993
9959,14824,2467,9077,22993
3108,14824,2683,9077,11571
12559,14824,145,9077,11739
3108,14824,2683,9077,11571
12559,14824,145,9077,22993
13287,14824,2467,11885,22993
12559,14824,4602,11885,12639
12559,14824,145,5017,22993
9959,11294,2683,9077,18797
3108,14824,2683,9077,11571
3108,14824,2683,22891,11571
12559,14824,145,9077,22993
9959,14824,2467,11885,22993
9959,14824,2467,9077,22993
9959,14824,2683,9077,11571
12559,4942,145,9077,11739
3108,14824,2683,9077,11571
12559,14824,2467,9077,22993
13287,14824,2467,11885,22993
9959,14824,4602,11885,12639
9959,14824,2467,5017,22993
9959,11294,2683,9077,18797
9959,14824,2683,9077,11571
9959,14824,2683,9077,11571
9959,14824,2467,9077,22993
12559,10366,2467,11885,22993
12559,14824,2683,11885,22993
12559,4942,145,11885,22993
12559,14824,2467,11885,22993
12559,14824,145,11885,22993
13287,11408,4602,11885,12639
13287,11408,13495,11885,12639
12559,10366,2467,5017,22993
12559,10366,2467,11885,22993
3108,14824,2467,11885,22993
3108,14824,2467,11885,22993
12559,14824,145,11885,22993
3108,14824,2467,9077,11571
12559,4942,145,5021,22993
9959,14824,2467,9077,22993
12559,10366,2467,5021,22993
13287,11408,2467,11885,22993
12559,11408,2467,11885,22993
12559,10366,2467,5017,22993
12559,10366,2467,5021,22993
3108,11294,2683,22891,11571
3108,11294,2683,22891,11571
9959,14824,2467,9077,22993
3108,14824,145,9077,11571
3108,14824,2683,9077,11571
12559,14824,2683,9077,22993
13287,14824,2683,11885,22993
12559,11408,2683,11885,12639
3108,14824,2683,5017,22993
3108,11294,2683,22891,18797
3108,11294,2683,22891,11571
3108,11294,2683,22891,11571
9959,14824,2683,9077,22993
12559,4942,145,9077,11739
12559,14824,145,9077,22993
13287,4942,13495,11885,11739
12559,4942,4602,11885,12639
12559,4942,145,5017,22993
12559,10366,145,5021,22993
3108,14824,145,9077,11571
12559,4942,145,9077,11739
9959,14824,145,9077,22993
12559,14824,2467,9077,22993
13287,14824,2467,11885,22993
12559,11408,145,11885,12639
9959,14824,2467,5017,22993
9959,11294,2683,9077,18797
3108,14824,2683,9077,11571
3108,14824,2683,9077,11571
9959,14824,2467,9077,22993
13287,11408,13495,11885,22993
12559,11408,4602,11885,12639
12559,10366,2467,5017,22993
12559,10366,2467,5021,22993
3108,14824,2467,9077,22993
12559,14824,2467,22891,22993
12559,14824,145,9077,22993
13287,11408,13495,11885,12639
13287,11408,13495,11885,22993
13287,10366,2467,11885,22993
13287,14824,2467,11885,22993
13287,14824,2467,11885,22993
13287,11408,13495,11885,22993
5205,10366,4602,5017,12639
5205,10366,4602,5021,12639
3108,14824,4602,11885,12639
3108,14824,4602,11885,12639
12559,11408,4602,11885,12639
12559,10366,2467,5017,22993
3108,14824,2467,5017,22993
3108,14824,2467,5017,22993
12559,10366,2467,5017,22993
3108,11294,2683,22891,18797
3108,11294,2683,22891,18797
12559,10366,2467,5021,22993
3108,11294,2683,22891,11571
3108,14824,2467,9077,22993
3108,14824,2467,22891,22993
