ID_START_VERTEX,ID_END_VERTEX
7028,12251
7028,10304
7028,12178
7028,11811
7028,11621
7028,9341
7028,12546
7028,13295
7028,12684
7028,5017
7028,11520
7028,3320
7028,11397
7028,10245
12251,10304
12251,12178
12251,11811
12251,11621
12251,9341
12251,12546
12251,13295
12251,12684
12251,5017
12251,11520
12251,3320
12251,11397
12251,10245
10304,12178
10304,11811
10304,11621
10304,9341
10304,12546
10304,13295
10304,12684
10304,5017
10304,11520
10304,3320
10304,11397
10304,10245
12178,11811
12178,11621
12178,9341
12178,12546
12178,13295
12178,12684
12178,5017
12178,11520
12178,3320
12178,11397
12178,10245
11811,11621
11811,9341
11811,12546
11811,13295
11811,12684
11811,5017
11811,11520
11811,3320
11811,11397
11811,10245
11621,9341
11621,12546
11621,13295
11621,12684
11621,5017
11621,11520
11621,3320
11621,11397
11621,10245
9341,12546
9341,13295
9341,12684
9341,5017
9341,11520
9341,3320
9341,11397
9341,10245
12546,13295
12546,12684
12546,5017
12546,11520
12546,3320
12546,11397
12546,10245
13295,12684
13295,5017
13295,11520
13295,3320
13295,11397
13295,10245
12684,5017
12684,11520
12684,3320
12684,11397
12684,10245
5017,11520
5017,3320
5017,11397
5017,10245
11520,3320
11520,11397
11520,10245
3320,11397
3320,10245
11397,10245
