ID_groupA,ID_groupB,ID_groupC
13241,17399,9427
13241,17399,9427
13241,19452,9427
13241,5842,9427
13241,5842,9427
617,17399,7361
24177,5842,19382
13241,10453,10828
13241,5842,9427
13241,17399,9427
13241,19452,9427
2609,17399,14889
13241,17399,9427
24177,6978,19382
2609,17399,9427
2609,19452,9427
13241,5842,9427
13241,5842,9427
617,17399,7361
24177,5842,19382
2609,10453,10828
13241,5842,9427
13241,17399,9427
2609,19452,9427
2609,17399,14889
2609,17399,9427
24177,6978,19382
13241,17399,9427
13241,5842,9427
13241,5842,9427
617,17399,7361
24177,5842,19382
2609,10453,10828
13241,5842,9427
13241,17399,9427
2609,17399,9427
2609,17399,14889
2609,17399,9427
24177,6978,19382
13241,5842,9427
13241,5842,9427
617,19452,7361
24177,5842,19382
13241,10453,10828
13241,5842,9427
13241,19452,9427
2609,19452,9427
2609,19452,14889
13241,19452,9427
24177,6978,19382
24177,6978,19382
617,5842,7361
26084,6978,19382
26084,10453,10828
24177,6978,19382
26084,5842,7361
13241,5842,9427
2609,5842,14889
13241,5842,9427
26084,6978,19382
617,5842,7361
26084,6978,19382
13241,10453,10828
13241,5842,9427
13241,5842,9427
13241,5842,9427
2609,5842,14889
13241,5842,9427
24177,6978,19382
617,5842,19382
617,10453,7361
617,5842,7361
617,19452,7361
617,19452,7361
617,17399,14889
617,17399,7361
617,6978,7361
24177,10453,19382
24177,5842,19382
24177,5842,19382
24177,5842,9427
2609,5842,14889
24177,5842,19382
24177,6978,19382
13241,10453,10828
13241,10453,10828
2609,10453,10828
2609,10453,14889
13241,10453,10828
24177,6978,19382
13241,5842,9427
13241,5842,9427
2609,5842,14889
13241,5842,9427
24177,6978,19382
13241,19452,9427
13241,17399,14889
13241,17399,9427
24177,6978,19382
2609,19452,14889
2609,17399,9427
24177,6978,9427
2609,17399,14889
2609,6978,14889
24177,6978,19382
