ID_groupA,ID_groupB,ID_groupC,ID_groupD
13241,17399,9427,22961
13241,17399,9427,22961
13241,19452,9427,22961
13241,5842,9427,18488
13241,5842,9427,18488
617,5842,7361,22961
24177,5842,19382,22961
13241,17399,10828,22961
13241,5842,9427,22961
13241,17399,9427,22961
2609,17399,9427,10295
2609,17399,14889,10295
13241,17399,9427,22961
24177,6978,19382,22961
2609,17399,9427,10295
2609,19452,9427,10295
13241,5842,9427,18488
13241,5842,9427,18488
617,17399,7361,22961
24177,5842,19382,22961
2609,10453,10828,10295
13241,5842,9427,22961
13241,17399,9427,22961
2609,17399,9427,10295
2609,17399,14889,10295
2609,17399,9427,10295
24177,6978,19382,22961
2609,17399,9427,10295
13241,5842,9427,18488
13241,5842,9427,18488
617,17399,7361,22961
24177,17399,19382,22961
2609,17399,9427,10295
13241,17399,9427,22961
13241,17399,9427,22961
2609,17399,9427,10295
2609,17399,14889,10295
2609,17399,9427,10295
24177,6978,19382,22961
13241,5842,9427,18488
13241,5842,9427,18488
617,17399,7361,22961
24177,5842,19382,22961
2609,10453,9427,10295
13241,5842,9427,22961
13241,19452,9427,10295
2609,19452,9427,10295
2609,19452,14889,10295
2609,19452,9427,10295
24177,6978,19382,22961
24177,6978,19382,18488
617,5842,7361,22961
26084,6978,19382,18488
26084,10453,10828,18488
13241,5842,9427,18488
26084,5842,7361,22961
13241,5842,9427,18488
2609,5842,14889,18488
13241,5842,9427,18488
24177,6978,19382,18488
617,5842,7361,22961
26084,6978,19382,18488
13241,10453,10828,18488
13241,5842,9427,18488
13241,5842,9427,18488
13241,5842,9427,18488
2609,5842,14889,18488
13241,5842,9427,18488
24177,6978,19382,18488
617,5842,19382,22961
617,10453,7361,22961
617,5842,7361,22961
617,5842,7361,22961
617,19452,7361,10295
617,19452,14889,10295
617,17399,7361,22961
617,6978,7361,22961
24177,10453,19382,22961
24177,5842,19382,22961
24177,5842,19382,22961
2609,5842,19382,10295
2609,5842,14889,22961
24177,5842,19382,22961
24177,6978,19382,18358
13241,10453,10828,22961
13241,17399,10828,22961
2609,10453,10828,10295
2609,10453,14889,10295
2609,10453,9427,10295
24177,10453,19382,22961
13241,5842,9427,22961
13241,5842,9427,10295
2609,5842,14889,22961
13241,5842,9427,22961
24177,6978,19382,22961
13241,17399,9427,10295
2609,17399,14889,10295
13241,17399,9427,22961
24177,6978,19382,22961
2609,19452,14889,10295
2609,17399,9427,10295
24177,6978,19382,10295
2609,17399,14889,10295
2609,6978,14889,22961
24177,6978,19382,22961
