ID_groupA,ID_groupB,ID_groupC,ID_groupD,ID_groupE
13241,17399,9427,22961,26325
13241,17399,9427,22961,12743
13241,5842,9427,22961,26325
13241,5842,9427,22961,26325
617,5842,7361,22961,26325
24177,5842,19382,22961,26325
13241,10453,9427,22961,12743
13241,5842,9427,22961,26325
13241,17399,9427,22961,26325
13241,19452,9427,10295,18417
2609,17399,14889,10295,17508
24177,6978,19382,22961,26325
2609,17399,9427,10295,12743
2609,19452,9427,10295,18417
13241,5842,9427,22961,26325
13241,5842,9427,22961,26325
617,17399,7361,22961,26325
24177,5842,9427,22961,26325
2609,10453,9427,10295,12743
13241,5842,9427,22961,26325
13241,17399,9427,10295,26325
2609,19452,9427,10295,18417
2609,17399,14889,10295,17508
2609,19452,9427,10295,18417
24177,6978,9427,22961,26325
2609,17399,9427,10295,18417
13241,5842,9427,18488,12743
13241,5842,9427,18488,12743
617,17399,7361,22961,12743
24177,17399,19382,22961,12743
2609,10453,9427,10295,12743
13241,5842,9427,22961,12743
13241,17399,9427,22961,26325
2609,17399,9427,10295,12743
2609,17399,14889,10295,17508
2609,17399,9427,10295,12743
24177,6978,19382,22961,12743
13241,5842,9427,18488,18417
13241,5842,9427,18488,18417
617,5842,7361,22961,26325
24177,5842,19382,22961,26325
2609,10453,9427,10295,18417
13241,5842,9427,22961,18417
13241,19452,9427,10295,26325
2609,19452,9427,10295,18417
2609,19452,14889,10295,17508
2609,19452,9427,10295,18417
24177,6978,19382,22961,26325
24177,6978,19382,18488,2346
617,5842,7361,22961,26325
26084,6978,19382,18358,2346
13241,10453,9427,18488,12743
13241,5842,9427,18488,26325
13241,5842,9427,18488,26325
26084,5842,9427,18488,18417
2609,5842,14889,18488,17508
13241,5842,9427,22961,26325
26084,6978,19382,18358,2346
617,5842,7361,22961,26325
26084,6978,19382,18488,2346
13241,10453,9427,18488,12743
13241,5842,9427,18488,26325
13241,5842,9427,18488,26325
13241,19452,9427,18488,18417
2609,5842,14889,18488,17508
13241,5842,9427,22961,26325
24177,6978,19382,18488,2346
617,5842,19382,22961,26325
617,10453,7361,22961,26325
617,5842,7361,22961,26325
617,5842,7361,22961,26325
617,19452,7361,10295,26325
617,19452,14889,10295,17508
617,17399,7361,22961,26325
617,6978,7361,22961,26325
24177,10453,19382,22961,12743
24177,5842,19382,22961,26325
24177,5842,19382,22961,26325
13241,5842,19382,22961,18417
2609,5842,14889,22961,17508
24177,5842,19382,22961,26325
24177,6978,19382,18358,2346
13241,19452,9427,10295,18417
2609,17399,14889,10295,17508
13241,10453,9427,22961,12743
13241,17399,10828,22961,26325
2609,10453,10828,10295,12743
2609,10453,14889,10295,17508
2609,10453,9427,10295,12743
24177,10453,19382,22961,12743
13241,5842,9427,22961,26325
13241,19452,9427,22961,18417
2609,5842,14889,22961,17508
13241,5842,9427,22961,26325
24177,6978,19382,18358,2346
13241,17399,9427,10295,26325
2609,17399,14889,10295,26325
13241,17399,9427,22961,26325
24177,6978,19382,22961,26325
2609,17399,14889,10295,17508
13241,19452,9427,10295,18417
24177,6978,19382,22961,18417
2609,17399,14889,10295,17508
2609,6978,14889,22961,17508
24177,6978,19382,22961,26325
