ID_groupA,ID_groupB
2609,17399
13241,17399
13241,17399
26084,5842
13241,5842
617,17399
24177,5842
13241,10453
13241,5842
13241,17399
2609,17399
2609,17399
13241,17399
24177,6978
2609,17399
2609,19452
26084,5842
2609,5842
617,17399
24177,5842
2609,10453
2609,5842
13241,17399
2609,19452
2609,17399
2609,17399
24177,6978
13241,17399
26084,5842
13241,17399
617,17399
24177,5842
2609,10453
13241,17399
13241,17399
2609,17399
2609,17399
13241,17399
24177,6978
13241,5842
13241,5842
617,19452
24177,5842
13241,10453
13241,5842
13241,19452
2609,19452
2609,19452
13241,17399
24177,6978
26084,6978
617,5842
26084,6978
26084,10453
26084,5842
26084,5842
2609,5842
2609,5842
26084,5842
26084,6978
617,5842
26084,6978
13241,10453
13241,5842
13241,5842
2609,5842
2609,5842
13241,5842
26084,6978
617,5842
617,10453
617,5842
617,19452
617,19452
617,17399
617,17399
617,6978
24177,10453
24177,5842
24177,5842
24177,5842
2609,5842
24177,5842
24177,6978
13241,10453
13241,10453
2609,10453
2609,10453
13241,10453
24177,6978
13241,5842
2609,5842
2609,5842
13241,5842
24177,6978
13241,19452
13241,17399
13241,17399
24177,6978
2609,19452
2609,17399
24177,6978
2609,17399
2609,6978
24177,6978
