ID_START_VERTEX,ID_END_VERTEX
20625,2447
20625,15878
20625,15800
20625,20192
20625,3748
20625,7146
20625,11038
20625,14892
20625,13229
20625,11571
20625,23099
20625,9235
20625,689
20625,2526
2447,15878
2447,15800
2447,20192
2447,3748
2447,7146
2447,11038
2447,14892
2447,13229
2447,11571
2447,23099
2447,9235
2447,689
2447,2526
15878,15800
15878,20192
15878,3748
15878,7146
15878,11038
15878,14892
15878,13229
15878,11571
15878,23099
15878,9235
15878,689
15878,2526
15800,20192
15800,3748
15800,7146
15800,11038
15800,14892
15800,13229
15800,11571
15800,23099
15800,9235
15800,689
15800,2526
20192,3748
20192,7146
20192,11038
20192,14892
20192,13229
20192,11571
20192,23099
20192,9235
20192,689
20192,2526
3748,7146
3748,11038
3748,14892
3748,13229
3748,11571
3748,23099
3748,9235
3748,689
3748,2526
7146,11038
7146,14892
7146,13229
7146,11571
7146,23099
7146,9235
7146,689
7146,2526
11038,14892
11038,13229
11038,11571
11038,23099
11038,9235
11038,689
11038,2526
14892,13229
14892,11571
14892,23099
14892,9235
14892,689
14892,2526
13229,11571
13229,23099
13229,9235
13229,689
13229,2526
11571,23099
11571,9235
11571,689
11571,2526
23099,9235
23099,689
23099,2526
9235,689
9235,2526
689,2526
