ID_groupA,ID_groupB
123661,63704
66211,125623
161705,42991
123661,42991
123661,42991
123661,42991
123661,42991
55064,125623
55064,125623
55064,125623
55064,63704
55064,125623
180791,63704
123661,42991
66211,42991
161705,42991
123661,42991
123661,42991
123661,42991
123661,42991
123661,125623
123661,125623
123661,125623
123661,63704
123661,42991
123661,42991
123661,42991
66211,36429
66211,36429
66211,42991
66211,42991
66211,42991
66211,125623
66211,125623
66211,125623
66211,125623
66211,42991
66211,42991
66211,42991
161705,36429
161705,42991
161705,39397
161705,36429
161705,42991
66211,125623
66211,125623
123661,42991
161705,42991
180791,39397
161705,42991
161705,42991
161705,39397
161705,36429
66211,36429
66211,125623
66211,125623
123661,42991
161705,42991
180791,42991
161705,36429
161705,42991
161705,42991
123661,42991
55064,42991
66211,125623
123661,42991
123661,42991
180791,42991
161705,42991
161705,39397
123661,42991
55064,42991
66211,42991
123661,42991
161705,42991
180791,39397
161705,39397
161705,42991
55064,42991
66211,125623
123661,42991
161705,42991
180791,39397
161705,42991
55064,125623
66211,125623
123661,63704
66211,125623
180791,42991
123661,42991
55064,125623
55064,63704
66211,125623
123661,125623
55064,42991
55064,125623
66211,125623
123661,125623
66211,42991
123661,63704
180791,63704
123661,42991
180791,42991
123661,42991
180791,42991
