ID_groupA,ID_groupB,ID_groupC,ID_groupD,ID_groupE
123661,63704,26175,41011,14677
66211,125623,40892,41011,32838
161705,42991,40892,89192,32838
66211,36429,40892,10075,32838
123661,42991,26175,89192,14677
123661,42991,71737,89192,32838
161705,42991,40892,89192,32838
123661,42991,40892,89192,98721
55064,63704,26175,41011,32838
66211,125623,40892,41011,32838
55064,63704,26175,41011,32838
123661,42991,26175,89192,98721
180791,63704,26175,31461,14677
123661,42991,26175,89192,98721
66211,42991,40892,89192,98721
123661,42991,117312,89192,119998
123661,42991,40892,89192,119998
180791,42991,71737,31461,98721
123661,42991,71737,89192,98721
123661,42991,71737,89192,98721
123661,42991,40892,89192,98721
55064,42991,40892,89192,98721
123661,125623,40892,89192,98721
123661,63704,26175,31461,14677
123661,42991,71737,89192,98721
180791,42991,71737,31461,98721
123661,42991,71737,89192,98721
66211,42991,117312,89192,119998
66211,42991,40892,89192,119998
66211,42991,71737,89192,98721
66211,42991,71737,89192,98721
66211,42991,71737,89192,98721
66211,42991,40892,89192,32838
55064,42991,40892,89192,32838
66211,125623,40892,89192,32838
66211,63704,26175,89192,32838
66211,42991,71737,89192,98721
66211,42991,71737,31461,98721
66211,42991,71737,89192,98721
161705,36429,117312,10075,119998
161705,42991,117312,10075,119998
161705,42991,71737,89192,98721
161705,36429,117312,10075,119998
161705,42991,40892,89192,119998
55064,42991,40892,89192,119998
66211,125623,117312,10075,119998
123661,42991,26175,89192,119998
161705,42991,117312,89192,119998
161705,42991,117312,31461,98721
161705,42991,117312,89192,98721
161705,42991,71737,89192,98721
161705,36429,71737,10075,119998
161705,36429,117312,10075,119998
66211,42991,40892,89192,119998
55064,42991,40892,89192,119998
66211,125623,40892,10075,119998
123661,42991,26175,89192,119998
161705,42991,71737,89192,119998
180791,42991,71737,31461,119998
161705,36429,71737,10075,119998
123661,42991,71737,89192,98721
123661,42991,71737,89192,98721
123661,42991,40892,31461,98721
55064,42991,40892,89192,32838
66211,42991,71737,89192,98721
123661,42991,26175,89192,14677
123661,42991,71737,89192,98721
180791,42991,71737,89192,98721
123661,42991,71737,89192,98721
161705,42991,71737,89192,98721
161705,42991,40892,89192,119998
55064,42991,40892,89192,32838
66211,125623,71737,89192,98721
123661,42991,71737,89192,14677
123661,39397,71737,89192,98721
180791,39397,71737,31461,98721
180791,39397,71737,31461,98721
161705,42991,40892,89192,119998
55064,42991,40892,89192,32838
66211,125623,71737,89192,98721
123661,42991,26175,89192,14677
161705,42991,40892,89192,119998
161705,42991,71737,31461,119998
161705,42991,71737,89192,98721
55064,63704,26175,41011,32838
66211,125623,40892,89192,32838
123661,63704,40892,89192,14677
123661,42991,40892,89192,98721
180791,42991,40892,89192,98721
66211,42991,40892,89192,98721
55064,125623,40892,41011,32838
55064,63704,26175,41011,32838
55064,42991,40892,89192,32838
55064,42991,40892,89192,98721
55064,42991,40892,89192,98721
123661,125623,40892,89192,14677
123661,125623,40892,89192,98721
123661,125623,40892,31461,98721
66211,125623,71737,89192,98721
123661,42991,26175,89192,98721
180791,63704,37165,31461,14677
123661,42991,71737,89192,14677
180791,42991,71737,89192,98721
123661,42991,71737,89192,98721
180791,42991,71737,31461,98721
