ID_groupA,ID_groupB,ID_groupC,ID_groupD
123661,63704,26175,41011
66211,125623,40892,41011
161705,42991,40892,89192
66211,36429,40892,10075
123661,42991,26175,89192
123661,42991,71737,89192
161705,42991,40892,89192
55064,125623,40892,41011
55064,63704,26175,41011
55064,125623,40892,41011
55064,63704,26175,41011
123661,42991,26175,89192
180791,63704,26175,31461
123661,42991,26175,89192
66211,42991,71737,31461
123661,42991,117312,89192
123661,42991,40892,89192
123661,42991,40892,89192
123661,42991,71737,89192
123661,42991,71737,89192
123661,42991,40892,89192
123661,125623,40892,89192
123661,125623,40892,89192
123661,63704,37165,31461
123661,42991,71737,89192
180791,42991,71737,89192
123661,42991,71737,89192
66211,36429,117312,10075
66211,42991,40892,89192
66211,42991,40892,89192
66211,42991,71737,89192
66211,42991,71737,89192
66211,42991,40892,89192
66211,125623,40892,89192
66211,125623,40892,89192
66211,63704,26175,89192
66211,125623,40892,89192
66211,42991,71737,31461
66211,42991,71737,89192
161705,36429,117312,10075
161705,42991,117312,89192
161705,39397,117312,184542
161705,36429,117312,10075
161705,42991,40892,89192
55064,42991,40892,89192
66211,125623,117312,10075
161705,42991,26175,89192
161705,42991,117312,89192
161705,42991,71737,31461
161705,42991,117312,89192
66211,42991,40892,89192
161705,36429,71737,10075
161705,36429,117312,10075
66211,36429,40892,10075
55064,42991,40892,89192
66211,125623,40892,10075
123661,42991,26175,89192
66211,36429,40892,10075
180791,42991,71737,31461
161705,36429,71737,10075
123661,42991,71737,89192
161705,42991,71737,89192
66211,42991,40892,89192
55064,42991,40892,89192
66211,42991,40892,89192
123661,42991,26175,89192
66211,42991,40892,89192
180791,42991,71737,31461
123661,42991,71737,89192
161705,42991,71737,89192
123661,42991,71737,89192
55064,42991,40892,89192
66211,125623,71737,89192
123661,42991,71737,89192
180791,42991,71737,89192
180791,39397,71737,31461
180791,39397,71737,31461
161705,42991,40892,89192
55064,42991,40892,89192
161705,42991,40892,89192
123661,42991,26175,89192
161705,42991,71737,89192
161705,42991,71737,31461
161705,42991,71737,89192
66211,125623,40892,89192
66211,125623,40892,89192
123661,63704,40892,89192
66211,125623,40892,89192
180791,42991,40892,89192
66211,42991,40892,89192
55064,125623,40892,89192
55064,63704,26175,41011
55064,125623,40892,89192
123661,125623,40892,31461
55064,42991,40892,89192
55064,125623,26175,41011
66211,125623,40892,89192
123661,125623,40892,31461
66211,125623,71737,89192
123661,63704,26175,89192
180791,63704,37165,31461
123661,42991,26175,89192
180791,42991,71737,89192
123661,42991,71737,89192
180791,42991,71737,31461
