ID_groupA,ID_groupB,ID_groupC
123661,63704,26175
66211,125623,40892
161705,42991,40892
66211,36429,40892
123661,42991,26175
123661,42991,71737
123661,42991,26175
55064,125623,40892
55064,125623,40892
55064,125623,40892
55064,63704,26175
55064,125623,40892
180791,63704,26175
123661,42991,26175
66211,125623,40892
161705,42991,117312
123661,42991,71737
123661,42991,71737
123661,42991,71737
123661,42991,71737
123661,42991,40892
123661,125623,40892
123661,125623,40892
123661,63704,26175
123661,42991,71737
180791,42991,71737
123661,42991,71737
66211,36429,117312
66211,42991,40892
66211,42991,40892
66211,42991,71737
66211,42991,71737
66211,125623,40892
66211,125623,40892
66211,125623,40892
66211,125623,26175
66211,125623,40892
66211,42991,71737
66211,42991,71737
161705,36429,117312
161705,42991,117312
161705,39397,117312
161705,36429,117312
161705,42991,40892
55064,42991,40892
66211,125623,117312
123661,42991,26175
161705,42991,117312
180791,42991,71737
161705,42991,117312
161705,42991,117312
161705,36429,71737
161705,36429,117312
66211,36429,40892
55064,42991,40892
66211,125623,40892
123661,42991,26175
66211,36429,40892
180791,42991,71737
161705,36429,71737
180791,42991,71737
161705,42991,71737
66211,42991,40892
55064,42991,40892
66211,125623,40892
123661,42991,26175
66211,42991,40892
180791,42991,71737
161705,42991,71737
161705,42991,71737
123661,42991,71737
55064,42991,40892
66211,42991,71737
180791,63704,37165
123661,42991,71737
180791,39397,71737
161705,39397,71737
161705,42991,40892
55064,42991,40892
161705,42991,40892
123661,42991,26175
161705,42991,71737
180791,42991,71737
161705,42991,71737
55064,125623,40892
66211,125623,40892
123661,63704,40892
66211,125623,40892
180791,42991,40892
66211,42991,40892
55064,125623,40892
55064,63704,26175
55064,125623,40892
55064,63704,26175
55064,42991,40892
55064,125623,26175
123661,125623,40892
123661,125623,40892
123661,125623,40892
123661,63704,26175
180791,63704,37165
123661,42991,26175
180791,42991,71737
123661,42991,71737
180791,42991,71737
