ID_START_VERTEX,ID_END_VERTEX
49924,110323
49924,178727
49924,7213
49924,181737
49924,65246
49924,73090
49924,160272
49924,92517
49924,44072
49924,149820
49924,38668
49924,117636
49924,65079
49924,12625
110323,178727
110323,7213
110323,181737
110323,65246
110323,73090
110323,160272
110323,92517
110323,44072
110323,149820
110323,38668
110323,117636
110323,65079
110323,12625
178727,7213
178727,181737
178727,65246
178727,73090
178727,160272
178727,92517
178727,44072
178727,149820
178727,38668
178727,117636
178727,65079
178727,12625
7213,181737
7213,65246
7213,73090
7213,160272
7213,92517
7213,44072
7213,149820
7213,38668
7213,117636
7213,65079
7213,12625
181737,65246
181737,73090
181737,160272
181737,92517
181737,44072
181737,149820
181737,38668
181737,117636
181737,65079
181737,12625
65246,73090
65246,160272
65246,92517
65246,44072
65246,149820
65246,38668
65246,117636
65246,65079
65246,12625
73090,160272
73090,92517
73090,44072
73090,149820
73090,38668
73090,117636
73090,65079
73090,12625
160272,92517
160272,44072
160272,149820
160272,38668
160272,117636
160272,65079
160272,12625
92517,44072
92517,149820
92517,38668
92517,117636
92517,65079
92517,12625
44072,149820
44072,38668
44072,117636
44072,65079
44072,12625
149820,38668
149820,117636
149820,65079
149820,12625
38668,117636
38668,65079
38668,12625
117636,65079
117636,12625
65079,12625
