ID_groupA,ID_groupB,ID_groupC
64506,46196,45106
44923,46196,45106
20965,46196,21044
64506,46196,29543
64506,46196,45106
64506,46196,29543
64506,46196,59989
64506,14244,59989
20965,54724,21044
64506,27699,29543
64506,46196,29543
64506,46196,45106
64506,46196,59989
64506,46196,59989
44923,46196,45106
20965,46196,21044
20965,46196,59989
64506,46196,45106
64506,34128,59989
64506,46196,45106
64506,14244,59989
44923,54724,45106
20965,27699,45106
27917,46196,29543
64506,46196,45106
64506,46196,59989
64506,46196,59989
44923,54724,21044
44923,46196,45106
44923,46196,45106
44923,46196,45106
64506,46196,45106
44923,14244,57665
44923,54724,21044
32348,27699,21044
44923,46196,29543
20965,46196,45106
44923,46196,45106
44923,46196,45106
20965,54724,21044
20965,54724,21044
20965,46196,21044
64506,46196,45106
44923,14244,21044
32348,54724,21044
32348,27699,21044
32348,27699,21044
20965,54724,21044
20965,46196,21044
20965,46196,21044
20965,46196,45106
20965,34128,29543
64506,46196,29543
20965,46196,57665
20965,54724,21044
20965,27699,29543
20965,46196,29543
20965,46196,45106
20965,46196,59989
20965,46196,45106
64506,34128,45106
64506,46196,45106
44923,14244,45106
20965,54724,21044
20965,46196,45106
27917,46196,29543
20965,46196,45106
64506,46196,45106
64506,46196,45106
64506,34128,59989
64506,34128,57665
20965,54724,21044
27917,27699,29543
27917,34128,29543
20965,34128,29543
64506,34128,59989
64506,46196,29543
64506,14244,59989
64506,54724,21044
20965,46196,59989
64506,46196,29543
64506,46196,45106
64506,46196,59989
64506,46196,59989
44923,54724,57665
20965,46196,57665
64506,14244,29543
44923,14244,21044
64506,14244,59989
64506,14244,59989
32348,54724,21044
20965,54724,21044
20965,54724,21044
20965,54724,21044
20965,54724,21044
27917,27699,29543
32348,27699,21044
20965,46196,59989
27917,27699,29543
20965,46196,29543
27917,46196,29543
27917,46196,29543
64506,46196,45106
64506,46196,45106
64506,46196,59989
