ID_groupA,ID_groupB,ID_groupC,ID_groupD
64506,46196,59989,88619
64506,46196,45106,88619
20965,46196,21044,88619
64506,46196,29543,21855
64506,46196,45106,88619
64506,46196,29543,21827
64506,46196,59989,88619
64506,14244,59989,88619
64506,54724,21044,88619
64506,27699,29543,21855
64506,46196,29543,21855
64506,46196,45106,88619
64506,46196,59989,88619
64506,46196,59989,88619
44923,46196,45106,88619
20965,46196,21044,88619
20965,46196,45106,88619
64506,46196,45106,88619
64506,34128,59989,88619
64506,46196,59989,88619
64506,14244,59989,88619
44923,54724,45106,57366
20965,46196,45106,88619
27917,46196,29543,88619
64506,46196,45106,88619
64506,46196,59989,88619
64506,46196,59989,88619
44923,54724,21044,57366
44923,46196,45106,21855
44923,46196,45106,88619
44923,46196,45106,21827
64506,46196,45106,51277
44923,14244,45106,88619
44923,54724,21044,57366
20965,27699,21044,21855
44923,46196,45106,21855
44923,54724,21044,57366
44923,46196,45106,88619
44923,46196,45106,88619
20965,54724,21044,21855
44923,54724,45106,57366
32348,27699,29543,21855
64506,46196,45106,51277
44923,54724,57665,57366
44923,54724,21044,57366
20965,27699,21044,21855
20965,54724,21044,21855
44923,54724,45106,57366
20965,46196,21044,88619
32348,27699,29543,21855
20965,46196,45106,21855
64506,34128,29543,21855
64506,46196,29543,21855
20965,46196,57665,88619
20965,54724,21044,21855
20965,27699,29543,21855
27917,34128,29543,21855
20965,46196,29543,21855
64506,46196,29543,21855
64506,46196,29543,21855
64506,34128,45106,88619
64506,46196,45106,51277
64506,46196,57665,88619
44923,54724,45106,57366
20965,27699,29543,21855
27917,46196,29543,21855
20965,46196,45106,88619
64506,46196,45106,88619
64506,46196,45106,88619
64506,34128,59989,88619
64506,34128,57665,88619
20965,54724,21044,21827
27917,27699,29543,21827
27917,34128,29543,21827
20965,34128,29543,21827
64506,34128,59989,88619
64506,46196,29543,21827
64506,14244,59989,51277
64506,54724,21044,88619
64506,27699,29543,21855
27917,34128,29543,51277
64506,46196,45106,51277
64506,46196,59989,88619
64506,46196,59989,51277
44923,54724,57665,57366
20965,46196,57665,88619
64506,14244,29543,88619
20965,46196,57665,88619
64506,14244,59989,88619
64506,46196,57665,88619
20965,54724,21044,21855
20965,54724,21044,21855
44923,54724,45106,57366
44923,54724,45106,88619
44923,54724,45106,57366
27917,27699,29543,21855
20965,27699,29543,21855
20965,46196,59989,88619
27917,27699,29543,21855
20965,46196,29543,21855
27917,46196,29543,88619
27917,46196,29543,21855
64506,46196,45106,88619
64506,46196,45106,88619
64506,46196,59989,88619
