ID_groupA,ID_groupB
64506,46196
44923,46196
20965,46196
20965,46196
64506,46196
64506,34128
64506,46196
64506,14244
20965,54724
20965,46196
27917,34128
20965,46196
64506,46196
64506,46196
44923,14244
20965,46196
20965,46196
64506,46196
64506,34128
64506,46196
64506,14244
44923,54724
20965,46196
27917,46196
20965,46196
64506,46196
64506,46196
44923,54724
44923,46196
44923,46196
44923,46196
64506,46196
44923,14244
44923,54724
32348,27699
44923,46196
44923,46196
44923,46196
44923,46196
32348,27699
20965,54724
27917,27699
64506,46196
44923,14244
32348,54724
32348,27699
32348,27699
20965,54724
20965,46196
20965,46196
20965,46196
20965,46196
64506,46196
20965,46196
20965,54724
32348,27699
27917,27699
20965,27699
20965,46196
20965,46196
64506,46196
64506,46196
44923,14244
20965,54724
20965,27699
27917,46196
20965,46196
64506,46196
64506,46196
64506,34128
64506,34128
20965,54724
27917,27699
27917,34128
20965,46196
64506,34128
64506,34128
64506,14244
64506,54724
20965,46196
27917,34128
64506,46196
64506,46196
64506,46196
44923,54724
20965,46196
64506,14244
44923,14244
64506,14244
64506,14244
32348,54724
32348,54724
20965,54724
44923,54724
20965,54724
27917,27699
20965,27699
20965,46196
20965,46196
20965,27699
27917,46196
27917,46196
20965,46196
20965,46196
64506,46196
