ID_groupA,ID_groupB,ID_groupC,ID_groupD,ID_groupE
64506,46196,59989,88619,59750
64506,46196,45106,88619,46887
64506,46196,45106,88619,46887
64506,46196,29543,21855,11414
64506,46196,59989,88619,59750
64506,34128,59989,51277,59750
64506,46196,59989,51277,59750
64506,14244,59989,88619,59750
64506,54724,21044,88619,46887
64506,27699,29543,21855,11414
64506,46196,29543,21855,11414
64506,46196,45106,88619,46887
64506,46196,59989,88619,59750
64506,46196,59989,88619,59750
64506,46196,45106,88619,46887
20965,46196,21044,88619,32848
64506,46196,59989,88619,59750
64506,46196,59989,88619,59750
64506,34128,59989,88619,59750
64506,46196,59989,88619,59750
64506,14244,59989,88619,59750
44923,54724,21044,88619,46887
20965,46196,45106,88619,32654
27917,46196,29543,88619,11414
64506,46196,45106,88619,46887
64506,46196,59989,88619,59750
64506,46196,59989,88619,59750
44923,54724,21044,57366,32848
20965,46196,45106,21855,46887
64506,46196,45106,88619,46887
64506,34128,45106,88619,46887
64506,46196,45106,51277,46887
44923,14244,59989,88619,59750
44923,54724,21044,57366,46887
20965,27699,45106,21855,46887
20965,46196,45106,21855,46887
20965,46196,45106,88619,46887
64506,46196,45106,88619,46887
64506,46196,45106,88619,46887
20965,54724,21044,21855,32848
44923,54724,45106,57366,32848
32348,27699,29543,21855,32848
64506,46196,45106,51277,46887
44923,54724,57665,57366,32848
44923,54724,21044,57366,32848
20965,27699,21044,21855,32848
20965,54724,21044,21855,32848
44923,54724,45106,57366,46887
20965,46196,21044,88619,32848
64506,46196,45106,88619,46887
64506,46196,29543,21855,11414
64506,34128,29543,21855,11414
64506,46196,29543,21855,11414
20965,46196,57665,88619,32654
20965,54724,21044,21855,32654
20965,27699,29543,21855,32654
27917,34128,29543,21855,11414
20965,46196,29543,21855,11414
64506,46196,59989,88619,59750
64506,46196,29543,21855,11414
64506,34128,45106,88619,11414
64506,46196,59989,51277,59750
64506,46196,57665,88619,59750
44923,54724,45106,57366,46887
20965,46196,45106,88619,32654
64506,46196,29543,21855,11414
64506,46196,45106,88619,46887
64506,46196,59989,88619,59750
64506,46196,45106,88619,59750
64506,34128,59989,51277,59750
64506,34128,57665,88619,11414
20965,54724,21044,21827,32654
20965,27699,29543,21827,32654
27917,34128,29543,21855,11414
20965,34128,29543,21827,11414
64506,34128,59989,88619,59750
64506,46196,29543,21827,11414
64506,14244,59989,51277,59750
64506,54724,21044,88619,46887
64506,27699,29543,21855,11414
27917,34128,29543,51277,11414
64506,46196,45106,51277,46887
64506,46196,59989,88619,59750
64506,46196,59989,51277,59750
44923,54724,21044,57366,46887
20965,46196,57665,88619,32654
64506,14244,29543,88619,11414
20965,14244,59989,88619,59750
64506,14244,59989,88619,59750
64506,14244,59989,88619,59750
20965,54724,21044,21855,32654
27917,54724,21044,21855,32654
44923,54724,45106,57366,46887
44923,54724,21044,88619,46887
64506,54724,21044,88619,46887
20965,27699,29543,21855,32654
20965,27699,29543,21855,32654
64506,27699,29543,21855,11414
64506,27699,29543,21855,11414
20965,46196,29543,21855,11414
27917,46196,29543,88619,11414
64506,46196,29543,21855,11414
64506,46196,45106,88619,46887
64506,46196,45106,88619,46887
64506,46196,59989,88619,59750
