ID_START_VERTEX,ID_END_VERTEX
4603,68814
4603,25698
4603,21967
4603,28872
4603,46069
4603,43332
4603,52329
4603,58135
4603,54725
4603,27272
4603,26850
4603,27748
4603,9821
4603,83595
68814,25698
68814,21967
68814,28872
68814,46069
68814,43332
68814,52329
68814,58135
68814,54725
68814,27272
68814,26850
68814,27748
68814,9821
68814,83595
25698,21967
25698,28872
25698,46069
25698,43332
25698,52329
25698,58135
25698,54725
25698,27272
25698,26850
25698,27748
25698,9821
25698,83595
21967,28872
21967,46069
21967,43332
21967,52329
21967,58135
21967,54725
21967,27272
21967,26850
21967,27748
21967,9821
21967,83595
28872,46069
28872,43332
28872,52329
28872,58135
28872,54725
28872,27272
28872,26850
28872,27748
28872,9821
28872,83595
46069,43332
46069,52329
46069,58135
46069,54725
46069,27272
46069,26850
46069,27748
46069,9821
46069,83595
43332,52329
43332,58135
43332,54725
43332,27272
43332,26850
43332,27748
43332,9821
43332,83595
52329,58135
52329,54725
52329,27272
52329,26850
52329,27748
52329,9821
52329,83595
58135,54725
58135,27272
58135,26850
58135,27748
58135,9821
58135,83595
54725,27272
54725,26850
54725,27748
54725,9821
54725,83595
27272,26850
27272,27748
27272,9821
27272,83595
26850,27748
26850,9821
26850,83595
27748,9821
27748,83595
9821,83595
