ID_groupA,ID_groupB,ID_groupC,ID_groupD
318,122,417,187
2512,122,380,187
318,1336,417,1188
886,445,417,1591
318,955,417,1591
318,445,417,187
85,122,380,187
318,445,417,187
318,122,417,187
2979,122,1286,187
318,445,417,1591
318,122,417,187
85,122,380,187
318,122,417,187
2512,122,380,187
318,122,417,187
318,122,949,1591
318,122,949,1591
318,122,417,187
85,122,380,187
318,445,417,187
85,122,380,187
2979,122,1286,187
318,122,417,1591
318,122,417,187
85,122,380,187
85,122,380,187
2512,445,380,1188
2512,445,949,1591
2512,445,949,1591
318,122,417,187
2512,122,380,187
318,445,417,187
2512,122,380,187
2512,122,380,187
318,122,380,1591
318,122,417,187
2512,122,380,187
2512,122,380,187
886,445,949,1591
886,445,949,1591
318,445,417,187
318,122,380,187
318,122,417,187
318,445,417,187
318,445,417,187
886,445,949,1591
318,122,417,187
318,122,380,187
318,445,417,187
886,955,949,1591
886,445,949,1591
886,445,380,1591
886,445,949,1591
318,122,949,187
318,445,417,1591
886,955,949,1591
886,445,949,1591
886,445,380,1591
318,122,949,1591
886,445,949,1591
318,122,380,1591
886,445,949,1591
318,955,417,187
318,445,417,1591
886,955,949,1591
886,445,949,1591
318,122,380,1591
318,122,949,1591
318,122,380,187
318,122,417,187
318,445,417,187
318,445,417,187
886,445,949,1591
318,122,417,187
318,122,380,187
318,445,417,187
85,445,417,187
85,122,380,187
85,122,380,187
318,122,380,1591
85,122,380,187
85,122,417,187
85,122,380,187
318,445,417,187
318,445,417,187
886,445,949,1591
318,445,417,187
318,122,380,187
318,445,417,187
318,122,417,187
318,445,417,187
318,445,417,187
85,122,380,187
318,122,417,187
886,955,1286,1591
318,445,1286,1591
2979,122,380,187
2979,122,1286,187
886,445,949,1591
318,122,380,1591
318,122,417,1591
318,122,380,187
318,445,417,187
85,122,380,187
