ID_groupA,ID_groupB,ID_groupC
318,122,417
2512,122,380
318,445,417
318,955,949
318,955,417
318,445,417
318,122,380
318,445,417
318,122,417
318,122,417
318,445,417
318,445,417
318,122,380
318,122,417
2512,122,380
85,445,380
318,122,949
318,122,417
85,445,380
85,2712,380
85,122,380
85,122,380
318,122,417
318,122,417
318,122,417
85,122,380
85,122,380
2512,445,380
2512,445,949
2512,445,949
2512,445,380
2512,2712,380
85,2712,380
2512,122,380
318,445,417
318,122,380
85,2712,380
2512,2712,380
2512,122,380
886,445,949
886,445,949
318,445,417
85,445,380
85,445,380
318,445,417
318,445,417
886,445,949
318,445,417
85,445,380
318,445,417
886,955,949
886,445,949
886,445,380
886,445,949
318,122,949
318,445,417
886,955,949
886,445,949
886,445,380
318,122,949
886,445,949
318,122,380
886,445,949
318,955,417
318,955,417
886,955,949
886,445,949
318,122,380
318,122,949
85,445,380
85,445,380
318,445,417
318,445,417
886,445,949
318,445,417
85,445,380
318,445,417
85,2712,380
85,122,380
85,122,417
85,445,380
85,2712,380
85,2712,380
85,122,380
318,445,417
318,445,417
886,445,949
85,122,380
2512,2712,380
85,122,380
318,122,417
318,445,417
318,445,417
85,122,380
318,122,417
886,955,1286
318,445,1286
318,122,380
318,122,1286
886,445,949
318,122,380
318,122,417
318,122,380
85,122,380
85,122,380
