ID_START_VERTEX,ID_END_VERTEX
3155,1562
3155,748
3155,2377
3155,921
3155,1049
3155,444
3155,39
3155,452
3155,3011
3155,2309
3155,1178
3155,272
3155,2102
3155,2136
1562,748
1562,2377
1562,921
1562,1049
1562,444
1562,39
1562,452
1562,3011
1562,2309
1562,1178
1562,272
1562,2102
1562,2136
748,2377
748,921
748,1049
748,444
748,39
748,452
748,3011
748,2309
748,1178
748,272
748,2102
748,2136
2377,921
2377,1049
2377,444
2377,39
2377,452
2377,3011
2377,2309
2377,1178
2377,272
2377,2102
2377,2136
921,1049
921,444
921,39
921,452
921,3011
921,2309
921,1178
921,272
921,2102
921,2136
1049,444
1049,39
1049,452
1049,3011
1049,2309
1049,1178
1049,272
1049,2102
1049,2136
444,39
444,452
444,3011
444,2309
444,1178
444,272
444,2102
444,2136
39,452
39,3011
39,2309
39,1178
39,272
39,2102
39,2136
452,3011
452,2309
452,1178
452,272
452,2102
452,2136
3011,2309
3011,1178
3011,272
3011,2102
3011,2136
2309,1178
2309,272
2309,2102
2309,2136
1178,272
1178,2102
1178,2136
272,2102
272,2136
2102,2136
