ID,LONGITUDE,LATITUDE
1,36.8042249,-1.2863199
2,36.8112973,-1.2883879
3,36.811572,-1.2885166
4,36.8117522,-1.2887139
5,36.8119256,-1.2890159
6,36.8120183,-1.2891773
7,36.8136777,-1.2872128
8,36.8146566,-1.2878495
9,36.8103051,-1.2895047
10,36.81185,-1.2892312
11,36.8129784,-1.2887293
12,36.8169997,-1.2866997
13,36.8171118,-1.2865976
14,36.813898,-1.2866373
15,36.8130486,-1.2854424
16,36.8117521,-1.2838305
17,36.8117209,-1.2831044
18,36.8119052,-1.2816239
19,36.8114505,-1.2811696
20,36.8083962,-1.2783224
21,36.8057051,-1.2935517
22,36.8104785,-1.2910542
23,36.8132553,-1.2917286
24,36.8171991,-1.286766
25,36.8147081,-1.2879353
26,36.8138513,-1.2883561
27,36.8118716,-1.2893314
28,36.8103748,-1.2896924
29,36.8299454,-1.3166041
30,36.8292816,-1.3164734
31,36.8285483,-1.3163291
32,36.8279883,-1.3162189
33,36.8278996,-1.3162097
34,36.8272898,-1.3160814
35,36.8267701,-1.3159791
36,36.8266457,-1.3159546
37,36.8252451,-1.3156789
38,36.8248801,-1.315607
39,36.824253,-1.3154836
40,36.8231814,-1.3147558
41,36.8236131,-1.3133091
42,36.823742,-1.3129176
43,36.8238353,-1.3126344
44,36.8253878,-1.3129744
45,36.8228731,-1.311773
46,36.8225524,-1.3111786
47,36.8224527,-1.3109937
48,36.8222468,-1.3106121
49,36.8222437,-1.3100534
50,36.8222341,-1.3082953
51,36.8222328,-1.3080637
52,36.8222134,-1.307463
53,36.8198475,-1.3071865
54,36.8202865,-1.3074776
55,36.8214641,-1.3075714
56,36.8238064,-1.3072389
57,36.8253977,-1.3070623
58,36.8267949,-1.3049993
59,36.8270407,-1.3057015
60,36.8271877,-1.306001
61,36.8282257,-1.3082271
62,36.8290319,-1.3099582
63,36.8293835,-1.3106915
64,36.8299071,-1.3117907
65,36.8307222,-1.3135021
66,36.8312458,-1.3144116
67,36.831675,-1.3149854
68,36.8329094,-1.3160285
69,36.8338134,-1.3166402
70,36.8353101,-1.3176221
71,36.837933,-1.3191697
72,36.8400955,-1.3204463
73,36.8466462,-1.3243043
74,36.8158621,-1.3129206
75,36.8155974,-1.3128495
76,36.8155442,-1.3127715
77,36.8155704,-1.3125047
78,36.8158203,-1.3123932
79,36.8160247,-1.3125285
80,36.8159428,-1.3129015
81,36.8197372,-1.3072611
82,36.8194821,-1.3070271
83,36.8196391,-1.306861
84,36.819887,-1.3070201
85,36.8203921,-1.3063587
86,36.8214302,-1.3060131
87,36.8221713,-1.3058108
88,36.8262383,-1.3048168
89,36.8264045,-1.3051897
90,36.8253208,-1.3054765
91,36.8128943,-1.2951909
92,36.8124726,-1.2953126
93,36.8121436,-1.2953489
94,36.8096259,-1.2954687
95,36.8141152,-1.2935945
96,36.8141674,-1.2903251
97,36.8144436,-1.2902638
98,36.8151909,-1.2910385
99,36.8166311,-1.293148
100,36.8131176,-1.2983307
101,36.8128213,-1.299939
102,36.8125823,-1.3011475
103,36.8119284,-1.3022074
104,36.8088848,-1.2995789
105,36.8087012,-1.2960832
106,36.8118405,-1.2937996
107,36.8120852,-1.2934662
108,36.8120835,-1.2940002
109,36.8147932,-1.2897575
110,36.8154094,-1.289248
111,36.815682,-1.2890708
112,36.8157641,-1.2888877
113,36.816483,-1.2892533
114,36.816635,-1.2891277
115,36.8172669,-1.2895029
116,36.8168055,-1.2899681
117,36.8168416,-1.2898344
118,36.8171483,-1.2895714
119,36.8204923,-1.2929057
120,36.8203129,-1.2929202
121,36.8201966,-1.2926371
122,36.8203508,-1.292513
123,36.8205411,-1.2925816
124,36.8205845,-1.2927955
125,36.8185795,-1.2891875
126,36.818205,-1.2931586
127,36.8302046,-1.287854
128,36.8289469,-1.2885487
129,36.8277304,-1.2892189
130,36.8173499,-1.2868305
131,36.8175843,-1.2867237
132,36.8181557,-1.2879465
133,36.8185866,-1.2887965
134,36.819684,-1.2910953
135,36.8198603,-1.2914646
136,36.8187994,-1.2873115
137,36.81712,-1.2864986
138,36.8171482,-1.2864335
139,36.8173774,-1.2863074
140,36.8175336,-1.2863628
141,36.8176344,-1.2865622
142,36.817272,-1.2868075
143,36.8122295,-1.2947388
144,36.8128267,-1.2956216
145,36.8129601,-1.295169
146,36.8134056,-1.2981935
147,36.8133025,-1.2973218
148,36.8166685,-1.2834041
149,36.8167667,-1.2833544
150,36.8138728,-1.2948458
151,36.8139878,-1.2947956
152,36.8156378,-1.2936833
153,36.8166862,-1.2934327
154,36.8139712,-1.2864701
155,36.8144247,-1.2864093
156,36.8159187,-1.2862054
157,36.8165114,-1.2860043
158,36.8212536,-1.2906806
159,36.8211329,-1.2906732
160,36.8210939,-1.2905499
161,36.8211445,-1.2904879
162,36.8212992,-1.290537
163,36.8205702,-1.2909603
164,36.8212497,-1.2923773
165,36.8209045,-1.2916574
166,36.8200973,-1.2880344
167,36.8200239,-1.2882278
168,36.819826,-1.2881657
169,36.8198785,-1.2879636
170,36.8203292,-1.2888467
171,36.820221,-1.288629
172,36.8176072,-1.2863496
173,36.8182144,-1.2861028
174,36.818696,-1.2858643
175,36.8236632,-1.2834666
176,36.8232848,-1.2836648
177,36.8228387,-1.2838984
178,36.8216231,-1.2844968
179,36.8206097,-1.2850147
180,36.819544,-1.2855606
181,36.8192342,-1.2857193
182,36.8182746,-1.2862108
183,36.8160197,-1.2836747
184,36.8161061,-1.2836759
185,36.8168764,-1.283303
186,36.817306,-1.2830983
187,36.8151249,-1.2815016
188,36.8151769,-1.2815497
189,36.8152164,-1.2815961
190,36.8152348,-1.2817348
191,36.8151835,-1.2818368
192,36.815021,-1.2819086
193,36.8149598,-1.2818993
194,36.8148067,-1.2816764
195,36.8148223,-1.2816099
196,36.8150604,-1.2814792
197,36.8168428,-1.2852934
198,36.8168708,-1.2853484
199,36.8171308,-1.2862749
200,36.8159824,-1.2839291
201,36.8160929,-1.2811428
202,36.8171457,-1.2806096
203,36.8182033,-1.280047
204,36.818926,-1.2798912
205,36.8193859,-1.2799262
206,36.8143286,-1.2799002
207,36.8148043,-1.2800119
208,36.8128831,-1.2753737
209,36.8145794,-1.2806479
210,36.8022875,-1.2648187
211,36.8079313,-1.2710919
212,36.8114502,-1.2738465
213,36.8092445,-1.2699592
214,36.8101003,-1.2691315
215,36.812086,-1.2674054
216,36.8136793,-1.2759797
217,36.812684,-1.275295
218,36.8125955,-1.275195
219,36.8020983,-1.2649776
220,36.8119654,-1.2649393
221,36.8119412,-1.2651346
222,36.8117766,-1.265171
223,36.8110414,-1.2646585
224,36.8125606,-1.262033
225,36.81224,-1.2651023
226,36.8144974,-1.2656
227,36.8167533,-1.266711
228,36.8174987,-1.2671098
229,36.8176722,-1.2672026
230,36.8177123,-1.267224
231,36.8181419,-1.2674384
232,36.8119139,-1.2661063
233,36.8122486,-1.2685347
234,36.812386,-1.2694529
235,36.8130468,-1.2703024
236,36.8141094,-1.2715318
237,36.8142148,-1.2716537
238,36.8112307,-1.2670782
239,36.8136684,-1.2731567
240,36.8125271,-1.2717278
241,36.8121102,-1.2712057
242,36.8057684,-1.2640297
243,36.8130643,-1.273618
244,36.8116856,-1.2726139
245,36.8045447,-1.2650548
246,36.8112616,-1.2693928
247,36.8228877,-1.2755273
248,36.8231881,-1.2754415
249,36.8082417,-1.2806736
250,36.8269757,-1.2938048
251,36.8263723,-1.2925908
252,36.8247147,-1.2909587
253,36.8244958,-1.2903666
254,36.825985,-1.2918554
255,36.825277,-1.2904657
256,36.8250508,-1.2923761
257,36.8219576,-1.2920511
258,36.8215836,-1.2913231
259,36.8285555,-1.2969897
260,36.8341001,-1.2941837
261,36.8368896,-1.2927679
262,36.8373617,-1.2925448
263,36.8286501,-1.291403
264,36.829059,-1.2981374
265,36.8288968,-1.298037
266,36.8289813,-1.2977801
267,36.8292353,-1.2978733
268,36.8291549,-1.2981137
269,36.8252997,-1.2995105
270,36.8251887,-1.2995443
271,36.8244402,-1.2999285
272,36.8346065,-1.2951705
273,36.8373445,-1.2937461
274,36.8339714,-1.2939692
275,36.8368467,-1.2915151
276,36.8364004,-1.2906141
277,36.8362161,-1.2902652
278,36.8367484,-1.2901887
279,36.8372715,-1.289568
280,36.8407593,-1.2917575
281,36.8388469,-1.2908981
282,36.8367874,-1.2891422
283,36.8361355,-1.2888532
284,36.8350735,-1.2886768
285,36.8362242,-1.2883725
286,36.836866,-1.2886181
287,36.8359627,-1.2908372
288,36.8363661,-1.2917639
289,36.8322031,-1.2883212
290,36.8302176,-1.2876276
291,36.8303256,-1.2876369
292,36.830372,-1.2876856
293,36.8303837,-1.28777
294,36.8301394,-1.2877644
295,36.8321392,-1.2857682
296,36.8303117,-1.2866094
297,36.8229753,-1.2814478
298,36.8232853,-1.2813921
299,36.8242544,-1.2813704
300,36.8245648,-1.2813733
301,36.8256618,-1.2813854
302,36.8258935,-1.2815399
303,36.8260093,-1.2816149
304,36.8273754,-1.2824851
305,36.828343,-1.2831387
306,36.8285317,-1.2832578
307,36.8290707,-1.283618
308,36.8293484,-1.2838028
309,36.8296166,-1.2839812
310,36.8303803,-1.2844892
311,36.830793,-1.2847578
312,36.8310822,-1.2849604
313,36.8317506,-1.2854065
314,36.8321368,-1.285573
315,36.8322356,-1.2854642
316,36.8325169,-1.2855032
317,36.8324692,-1.2858698
318,36.8323773,-1.2859005
319,36.8344618,-1.285452
320,36.8361355,-1.2853765
321,36.8365497,-1.2853623
322,36.8372803,-1.2853372
323,36.8387166,-1.284466
324,36.8389226,-1.2844746
325,36.8399265,-1.2836016
326,36.8403219,-1.2834462
327,36.8435409,-1.2830029
328,36.8437653,-1.2829881
329,36.8441477,-1.2829629
330,36.8406049,-1.2842
331,36.840448,-1.2837821
332,36.8401657,-1.2830409
333,36.8396779,-1.2818745
334,36.8387174,-1.2809251
335,36.838577,-1.2807975
336,36.8373735,-1.2797037
337,36.8373086,-1.2796447
338,36.8368107,-1.2792121
339,36.836564,-1.2789974
340,36.836321,-1.2787859
341,36.8358185,-1.2783327
342,36.8350992,-1.2776705
343,36.8351521,-1.277347
344,36.8351667,-1.2770322
345,36.8355055,-1.2770954
346,36.8353779,-1.2774052
347,36.8289256,-1.2884173
348,36.828411,-1.2874199
349,36.8276374,-1.2858683
350,36.8288273,-1.2852874
351,36.829653,-1.2863657
352,36.8286152,-1.2853854
353,36.8284468,-1.2849836
354,36.8281347,-1.284732
355,36.8279464,-1.2844831
356,36.8278022,-1.2842297
357,36.8275127,-1.2835468
358,36.8272709,-1.2833074
359,36.826975,-1.2831102
360,36.8246975,-1.2833089
361,36.8249091,-1.2829805
362,36.8250237,-1.2828026
363,36.8251512,-1.2826292
364,36.8252814,-1.2824521
365,36.8254312,-1.2822304
366,36.825552,-1.2820517
367,36.8255901,-1.281996
368,36.8257314,-1.2817836
369,36.8214154,-1.2795528
370,36.8214134,-1.2796345
371,36.8501198,-1.2706916
372,36.848719,-1.27098
373,36.822158,-1.2808152
374,36.822252,-1.2808927
375,36.8224843,-1.2810363
376,36.8207408,-1.293146
377,36.8209223,-1.2934462
378,36.8218517,-1.2950169
379,36.8243703,-1.3000932
380,36.8264851,-1.3046261
381,36.8262806,-1.3047398
382,36.8240639,-1.300179
383,36.8226227,-1.2867713
384,36.8218507,-1.2871574
385,36.826779,-1.2877241
386,36.8249737,-1.2886441
387,36.8249006,-1.2886813
388,36.824003,-1.2891443
389,36.8230254,-1.2896478
390,36.8225768,-1.2898789
391,36.8216996,-1.2903308
392,36.8243991,-1.2899894
393,36.824649,-1.2905102
394,36.8273983,-1.289395
395,36.8211521,-1.2925666
396,36.8210618,-1.292608
397,36.8272999,-1.2892289
398,36.8273564,-1.2890676
399,36.8274456,-1.2890097
400,36.8276849,-1.2890812
401,36.8274537,-1.2894204
402,36.8273191,-1.2893039
403,36.8236645,-1.2862484
404,36.8236402,-1.2862038
405,36.8281734,-1.2887859
406,36.8276684,-1.2877974
407,36.8274649,-1.287391
408,36.8270848,-1.2866317
409,36.8268862,-1.286235
410,36.8268624,-1.2861882
411,36.8263247,-1.2851216
412,36.8262596,-1.2849736
413,36.8260598,-1.2845119
414,36.8259724,-1.2843948
415,36.8244794,-1.2831246
416,36.8240521,-1.2827636
417,36.8234787,-1.2822792
418,36.8227493,-1.2816824
419,36.8270493,-1.2829656
420,36.8267,-1.283484
421,36.8264313,-1.2839181
422,36.8281747,-1.2800708
423,36.8279722,-1.2804708
424,36.8278084,-1.2808078
425,36.8278742,-1.2811615
426,36.8279285,-1.2816639
427,36.8226699,-1.2865898
428,36.8228184,-1.2866143
429,36.8228411,-1.2866468
430,36.8255301,-1.2853082
431,36.8254843,-1.2853314
432,36.8250163,-1.2855308
433,36.8244243,-1.2858679
434,36.8237388,-1.2862119
435,36.8241011,-1.2858352
436,36.8238341,-1.2852794
437,36.8149891,-1.3128895
438,36.8133386,-1.3135559
439,36.8122701,-1.3139854
440,36.8096441,-1.3148145
441,36.8410438,-1.2914979
442,36.8412596,-1.2915874
443,36.8413185,-1.2916953
444,36.8412896,-1.292137
445,36.841178,-1.2922571
446,36.8408433,-1.2922228
447,36.8408819,-1.2915616
448,36.8366234,-1.2995982
449,36.8366626,-1.299535
450,36.8368466,-1.2994347
451,36.8369069,-1.2994342
452,36.8371527,-1.2996505
453,36.8371268,-1.2998454
454,36.8368121,-1.2999857
455,36.8367538,-1.2999642
456,36.8366024,-1.2996677
457,36.8357819,-1.2975461
458,36.8363396,-1.2986769
459,36.8516954,-1.2942867
460,36.8518413,-1.2940894
461,36.8519035,-1.2940882
462,36.852336,-1.2941706
463,36.8524336,-1.2942352
464,36.8522705,-1.2944583
465,36.8517727,-1.2943554
466,36.8147294,-1.2670614
467,36.814841,-1.2687803
468,36.8148998,-1.2697891
469,36.8149113,-1.2699872
470,36.814962,-1.2704931
471,36.81492,-1.2727467
472,36.8142675,-1.2730068
473,36.8149022,-1.2723926
474,36.8155032,-1.2727559
475,36.8209394,-1.2773465
476,36.821262,-1.2774987
477,36.8218174,-1.2777962
478,36.8099054,-1.258229
479,36.8171011,-1.2612789
480,36.820394,-1.2626825
481,36.8218273,-1.2633003
482,36.82278,-1.2637036
483,36.8242139,-1.264318
484,36.8244623,-1.2644244
485,36.8107739,-1.2568424
486,36.8179255,-1.2599001
487,36.8440491,-1.2890303
488,36.8441624,-1.2890501
489,36.8237412,-1.262369
490,36.8245503,-1.2627133
491,36.8251232,-1.2629571
492,36.8154308,-1.2650948
493,36.8157446,-1.2645685
494,36.8188313,-1.266282
495,36.8213106,-1.2679849
496,36.8204714,-1.2556064
497,36.8158964,-1.263266
498,36.8147517,-1.2651397
499,36.8214068,-1.2660548
500,36.8202618,-1.265584
501,36.8196351,-1.2639748
502,36.8190207,-1.2650423
503,36.8401535,-1.2617779
504,36.842459,-1.2591644
505,36.8337686,-1.2666992
506,36.8327941,-1.2671847
507,36.8317884,-1.2673926
508,36.8303491,-1.2676201
509,36.8347021,-1.2669275
510,36.8348019,-1.2671915
511,36.8355057,-1.2680898
512,36.8363665,-1.2693003
513,36.8365682,-1.2697071
514,36.8367073,-1.2702067
515,36.8216473,-1.2677831
516,36.8214003,-1.2680361
517,36.8209348,-1.2684986
518,36.820684,-1.2688869
519,36.8205442,-1.2694798
520,36.8205347,-1.2696531
521,36.8238404,-1.2739484
522,36.8245813,-1.2742548
523,36.820736,-1.2779742
524,36.8210454,-1.2776659
525,36.8224435,-1.2767067
526,36.8226882,-1.2765753
527,36.8525749,-1.2708062
528,36.8523728,-1.2708516
529,36.830188,-1.2781791
530,36.828524,-1.2773115
531,36.8274532,-1.2767759
532,36.825641,-1.2761504
533,36.8245879,-1.2759018
534,36.8231848,-1.2757063
535,36.8235018,-1.2752545
536,36.8246267,-1.2758205
537,36.827671,-1.2767694
538,36.8285774,-1.2772225
539,36.8302548,-1.2779765
540,36.8230361,-1.2757725
541,36.8223058,-1.2812653
542,36.8221137,-1.2808736
543,36.8251977,-1.2740063
544,36.8230048,-1.2761721
545,36.8227385,-1.2766522
546,36.8221413,-1.2770598
547,36.8219213,-1.2790765
548,36.8217414,-1.2793176
549,36.8210396,-1.2795243
550,36.820802,-1.2793115
551,36.8206254,-1.2790677
552,36.8206046,-1.278994
553,36.8205102,-1.2785993
554,36.8205165,-1.2784411
555,36.820596,-1.2781874
556,36.8233512,-1.2741201
557,36.8202699,-1.2787194
558,36.8325564,-1.2852547
559,36.832754,-1.2854717
560,36.8325526,-1.2808678
561,36.8445294,-1.289162
562,36.8340241,-1.2857438
563,36.8356121,-1.286717
564,36.8372047,-1.2873784
565,36.8401696,-1.2889531
566,36.8324638,-1.2804536
567,36.8333061,-1.2795232
568,36.8338158,-1.2786383
569,36.83388,-1.2783083
570,36.8339229,-1.2780252
571,36.8341713,-1.2770735
572,36.8315452,-1.2870499
573,36.8323136,-1.281128
574,36.8320862,-1.2809255
575,36.8320089,-1.2807539
576,36.8321377,-1.2804278
577,36.8325625,-1.280759
578,36.8317772,-1.2804192
579,36.8388668,-1.2845467
580,36.8336228,-1.2854386
581,36.8521858,-1.2936811
582,36.8441178,-1.2896567
583,36.8438345,-1.2909267
584,36.8461934,-1.2895387
585,36.8461471,-1.2897871
586,36.846099,-1.290045
587,36.8457696,-1.2915742
588,36.8454774,-1.2928288
589,36.8444084,-1.2897136
590,36.8438345,-1.2894765
591,36.8438088,-1.2892705
592,36.8417807,-1.2888968
593,36.8522888,-1.293029
594,36.854205,-1.2924073
595,36.8600188,-1.3035655
596,36.8629747,-1.3088177
597,36.8390304,-1.3041336
598,36.8391825,-1.3041412
599,36.839245,-1.3041765
600,36.8392622,-1.3042623
601,36.8391163,-1.3043738
602,36.8390219,-1.3043309
603,36.8389789,-1.3042108
604,36.8401095,-1.3054026
605,36.8414427,-1.3063318
606,36.842923,-1.307251
607,36.8430947,-1.3074055
608,36.8438593,-1.3079706
609,36.8380009,-1.273617
610,36.8378206,-1.2740976
611,36.8385759,-1.2743893
612,36.8390823,-1.2740118
613,36.8382841,-1.2748784
614,36.8375655,-1.2746288
615,36.8372713,-1.2745266
616,36.8366626,-1.2749314
617,36.8364731,-1.2754534
618,36.8371461,-1.2700894
619,36.828439,-1.2628319
620,36.8253774,-1.262404
621,36.8232954,-1.2738914
622,36.822507,-1.2736401
623,36.8215619,-1.2729592
624,36.8210644,-1.2725691
625,36.8200983,-1.2718116
626,36.8194017,-1.2712654
627,36.8187312,-1.2707397
628,36.8177977,-1.2700077
629,36.8171751,-1.2695195
630,36.8170465,-1.2693339
631,36.8175061,-1.270327
632,36.8176272,-1.2721891
633,36.8181729,-1.2714728
634,36.8195516,-1.2725259
635,36.8202585,-1.2736075
636,36.8216789,-1.2746929
637,36.8219126,-1.2743526
638,36.8233,-1.2747166
639,36.8214459,-1.275079
640,36.8220708,-1.274163
641,36.8186425,-1.2737001
642,36.8189967,-1.2732507
643,36.8182549,-1.2750351
644,36.8190478,-1.2739583
645,36.8296726,-1.2767725
646,36.8291143,-1.275604
647,36.8288982,-1.2751065
648,36.8281386,-1.2733579
649,36.8279462,-1.2727258
650,36.8304512,-1.2779192
651,36.8306709,-1.277834
652,36.8170689,-1.2729322
653,36.8083932,-1.260534
654,36.8138828,-1.2625119
655,36.8164213,-1.2635587
656,36.8230501,-1.2667249
657,36.8593697,-1.265166
658,36.8597142,-1.2646828
659,36.8618878,-1.2636342
660,36.8696779,-1.2614504
661,36.8740111,-1.2620657
662,36.8789459,-1.2624681
663,36.8591122,-1.2656208
664,36.8587517,-1.2658095
665,36.8387901,-1.3043824
666,36.8383713,-1.304609
667,36.8376544,-1.3049673
668,36.8327534,-1.3052675
669,36.8428457,-1.3074569
670,36.8375668,-1.3012319
671,36.8343742,-1.3033126
672,36.8340123,-1.3034806
673,36.8337087,-1.3036487
674,36.8323202,-1.3043944
675,36.8147255,-1.3152372
676,36.8141859,-1.3159135
677,36.8139739,-1.3161188
678,36.8137185,-1.3163612
679,36.8130016,-1.3170642
680,36.7951906,-1.3252851
681,36.8209753,-1.3112293
682,36.8198937,-1.3117782
683,36.8192733,-1.3121631
684,36.8189375,-1.3134266
685,36.8183392,-1.3141775
686,36.8175211,-1.3136498
687,36.8164741,-1.3127916
688,36.8101391,-1.2766455
689,36.8109147,-1.2758175
690,36.8117527,-1.2752382
691,36.8194353,-1.2869919
692,36.8167822,-1.2819632
693,36.8169314,-1.2822979
694,36.8172696,-1.2830195
695,36.8180992,-1.2846565
696,36.8181144,-1.2846864
697,36.8181269,-1.284711
698,36.8183955,-1.2852475
699,36.8186584,-1.2857873
700,36.8144235,-1.3172664
701,36.814586,-1.3178319
702,36.8205764,-1.3169412
703,36.8212952,-1.3170735
704,36.8237583,-1.3175344
705,36.8250568,-1.3177993
706,36.8143717,-1.3160822
707,36.8143623,-1.3161432
708,36.8220903,-1.3138395
709,36.8219409,-1.3144716
710,36.8216558,-1.3156681
711,36.8215371,-1.3161307
712,36.8206966,-1.3159115
713,36.8222759,-1.3163234
714,36.8225544,-1.3150732
715,36.8225716,-1.3159141
716,36.8226589,-1.3159343
717,36.8230484,-1.3160402
718,36.8270574,-1.323628
719,36.8232757,-1.3200934
720,36.8229711,-1.3198158
721,36.8236307,-1.3180789
722,36.8236993,-1.317786
723,36.8238926,-1.3169779
724,36.8239209,-1.3168605
725,36.8240034,-1.3165185
726,36.8241156,-1.3160533
727,36.8864152,-1.2979698
728,36.8603024,-1.2961622
729,36.8559009,-1.2953136
730,36.8603295,-1.3105546
731,36.8567096,-1.3131558
732,36.8566984,-1.3134781
733,36.8565259,-1.313856
734,36.8591355,-1.3126791
735,36.860161,-1.3093791
736,36.8383062,-1.3149524
737,36.8394461,-1.3149687
738,36.8399407,-1.3149764
739,36.8406465,-1.3149531
740,36.8420352,-1.3149204
741,36.8374006,-1.3103832
742,36.8374414,-1.3104141
743,36.8377911,-1.3107806
744,36.8383285,-1.3113247
745,36.8382919,-1.3116135
746,36.8382954,-1.31204
747,36.8382837,-1.3129037
748,36.8382981,-1.3133201
749,36.8383001,-1.3137185
750,36.8383167,-1.3145796
751,36.8383139,-1.3154714
752,36.8383997,-1.3161751
753,36.8384872,-1.3164776
754,36.8387384,-1.3174984
755,36.8386254,-1.318319
756,36.8337992,-1.3116272
757,36.8337563,-1.3115586
758,36.8337459,-1.311181
759,36.833757,-1.3107432
760,36.8337675,-1.31033
761,36.833772,-1.3096004
762,36.8337699,-1.3089053
763,36.8336923,-1.308093
764,36.8336691,-1.3078755
765,36.8334761,-1.3073998
766,36.8332243,-1.306724
767,36.8330214,-1.3061128
768,36.8429058,-1.3074998
769,36.8430002,-1.3075342
770,36.8436551,-1.3078796
771,36.8524657,-1.3013173
772,36.8530003,-1.305199
773,36.8530429,-1.3055084
774,36.8505651,-1.3103882
775,36.8490965,-1.3111302
776,36.847474,-1.3157424
777,36.8453627,-1.3160765
778,36.8427253,-1.3142878
779,36.8421077,-1.3135407
780,36.8423311,-1.3123812
781,36.8423579,-1.3123386
782,36.8418654,-1.3181549
783,36.8415531,-1.3177058
784,36.83997,-1.3175135
785,36.8394797,-1.3175086
786,36.8353956,-1.3107433
787,36.8353871,-1.3157374
788,36.8353871,-1.3154557
789,36.8353871,-1.3146093
790,36.8353871,-1.3137459
791,36.8353871,-1.3128878
792,36.8353898,-1.3120619
793,36.8353916,-1.3116564
794,36.835121,-1.3154543
795,36.831147,-1.3108206
796,36.8304346,-1.3112926
797,36.8287164,-1.3117574
798,36.828875,-1.3102571
799,36.8294819,-1.3100483
800,36.8293102,-1.3105289
801,36.8266034,-1.3046389
802,36.8274469,-1.3043686
803,36.831511,-1.3024367
804,36.8314272,-1.3023144
805,36.8312272,-1.3025212
806,36.8312184,-1.3023984
807,36.8312646,-1.3023331
808,36.8313887,-1.3023015
809,36.8314941,-1.3025205
810,36.8312854,-1.3025811
811,36.8317478,-1.3032266
812,36.8302522,-1.3002828
813,36.8296703,-1.2992181
814,36.8309754,-1.3016649
815,36.8652619,-1.2666501
816,36.8602597,-1.2732495
817,36.8587131,-1.272051
818,36.8583882,-1.2685148
819,36.8606324,-1.2669154
820,36.8613137,-1.2651656
821,36.858132,-1.2846495
822,36.8630263,-1.2886356
823,36.8152611,-1.269189
824,36.8446885,-1.2715891
825,36.8432485,-1.271874
826,36.8425526,-1.2720092
827,36.8405459,-1.2723991
828,36.8362017,-1.2721109
829,36.8317729,-1.2737503
830,36.8338005,-1.2743138
831,36.8341818,-1.2744204
832,36.8344718,-1.2745014
833,36.8350856,-1.2746729
834,36.8350225,-1.2716385
835,36.8338447,-1.2713108
836,36.8330989,-1.2711033
837,36.8325151,-1.2709409
838,36.8354122,-1.270212
839,36.8346964,-1.2728742
840,36.835654,-1.2731337
841,36.8334776,-1.2725824
842,36.8332029,-1.2736894
843,36.8335145,-1.2724545
844,36.832217,-1.2720764
845,36.8301851,-1.2781237
846,36.8306299,-1.2780997
847,36.8306268,-1.2781941
848,36.8305049,-1.2783425
849,36.8303022,-1.278337
850,36.8302761,-1.2777911
851,36.8328592,-1.2791173
852,36.8328216,-1.2790831
853,36.8321644,-1.2784861
854,36.831897,-1.2784288
855,36.831319,-1.2783335
856,36.8311187,-1.2783057
857,36.8305128,-1.2786133
858,36.850103,-1.2792069
859,36.8502661,-1.2790696
860,36.8504034,-1.2790353
861,36.8503433,-1.2789237
862,36.8502348,-1.2783929
863,36.8501614,-1.2780343
864,36.8500928,-1.2776987
865,36.8499489,-1.2769947
866,36.8498029,-1.2762807
867,36.8497172,-1.2758616
868,36.849661,-1.2755866
869,36.8495153,-1.274874
870,36.849368,-1.2741538
871,36.8492311,-1.2734844
872,36.8491681,-1.2731761
873,36.8490945,-1.2728325
874,36.8489729,-1.2722214
875,36.8488542,-1.2716411
876,36.8488319,-1.2715322
877,36.8484839,-1.2698371
878,36.8484717,-1.2697797
879,36.848329,-1.2691109
880,36.8482076,-1.2685417
881,36.8481441,-1.268244
882,36.8480711,-1.2679017
883,36.8479243,-1.2672135
884,36.8477701,-1.2664906
885,36.8504807,-1.2791297
886,36.8511265,-1.2790127
887,36.8516463,-1.2788718
888,36.8502575,-1.2792412
889,36.8504721,-1.2792155
890,36.8504463,-1.2795587
891,36.8502403,-1.2791554
892,36.8503262,-1.2790353
893,36.8503262,-1.2792756
894,36.8531157,-1.27556
895,36.8526967,-1.2756512
896,36.8512249,-1.2759714
897,36.8530041,-1.2748735
898,36.8525588,-1.2749685
899,36.8510831,-1.2752833
900,36.85315,-1.2763065
901,36.8528425,-1.2763726
902,36.8513727,-1.2766886
903,36.8531157,-1.2741184
904,36.8524166,-1.2742651
905,36.8509356,-1.274576
906,36.8511317,-1.282864
907,36.8519101,-1.282686
908,36.8525068,-1.282402
909,36.8492028,-1.2661948
910,36.84935,-1.266924
911,36.8494828,-1.2675813
912,36.849613,-1.2682261
913,36.8497269,-1.2687901
914,36.8498003,-1.2691536
915,36.8498691,-1.2694847
916,36.8500317,-1.2702674
917,36.8502519,-1.2713275
918,36.8503765,-1.2719245
919,36.8505063,-1.2725404
920,36.8506392,-1.2731706
921,36.8507832,-1.2738535
922,36.8515144,-1.2773764
923,36.8515882,-1.2777343
924,36.8516599,-1.2780822
925,36.8517715,-1.2787065
926,36.8529955,-1.2777911
927,36.8521284,-1.2728387
928,36.8522697,-1.2735381
929,36.8529783,-1.2770445
930,36.8519215,-1.2787778
931,36.8532272,-1.2785548
932,36.8546263,-1.2772505
933,36.8530127,-1.2733804
934,36.8532015,-1.2725996
935,36.852768,-1.2726962
936,36.8527981,-1.2720418
937,36.8526354,-1.2720772
938,36.8532675,-1.2712946
939,36.8525062,-1.271474
940,36.8527723,-1.2701454
941,36.8522448,-1.270254
942,36.8451894,-1.2739756
943,36.8461323,-1.2737954
944,36.8471136,-1.2735952
945,36.8481365,-1.2733866
946,36.8448499,-1.2723532
947,36.8458011,-1.272159
948,36.8467721,-1.2719582
949,36.8478007,-1.2717455
950,36.8449195,-1.2852051
951,36.8474508,-1.2851878
952,36.8436172,-1.2682079
953,36.8395707,-1.2702005
954,36.8387895,-1.2697541
955,36.8435657,-1.2679591
956,36.843703,-1.2687571
957,36.8464609,-1.2799682
958,36.845762,-1.2771603
959,36.845493,-1.2756639
960,36.8452014,-1.2740421
961,36.8446674,-1.271489
962,36.8444985,-1.2706719
963,36.8441483,-1.2689648
964,36.843816,-1.2673446
965,36.8436785,-1.2667478
966,36.8435391,-1.2660818
967,36.8435005,-1.265901
968,36.8434684,-1.2657509
969,36.8434177,-1.2655136
970,36.8433729,-1.2653036
971,36.8432957,-1.2649372
972,36.8432846,-1.2648814
973,36.8432395,-1.2646554
974,36.8437035,-1.2639992
975,36.8438941,-1.2639557
976,36.8442798,-1.2639093
977,36.8446944,-1.263928
978,36.8452257,-1.2638909
979,36.8454934,-1.2638235
980,36.8458295,-1.2636931
981,36.8485557,-1.2643517
982,36.8398841,-1.2708878
983,36.8402178,-1.2716356
984,36.8421914,-1.274086
985,36.8431622,-1.2744634
986,36.8437509,-1.2743418
987,36.8435224,-1.2731829
988,36.8470919,-1.2683744
989,36.8461173,-1.2686099
990,36.8451223,-1.2687896
991,36.8352514,-1.2660655
992,36.8357434,-1.266269
993,36.8366134,-1.266629
994,36.8387116,-1.2675381
995,36.8406576,-1.268393
996,36.8413106,-1.2686798
997,36.8413557,-1.2686996
998,36.8419227,-1.2689487
999,36.837775,-1.2678089
1000,36.8383757,-1.2687459
1001,36.8385661,-1.2690429
1002,36.8387338,-1.2693488
1003,36.8389346,-1.2697193
1004,36.836191,-1.2675873
1005,36.8391625,-1.2667234
1006,36.8394521,-1.2667046
1007,36.8410877,-1.2661695
1008,36.8419326,-1.2657178
1009,36.8399049,-1.2686966
1010,36.8390125,-1.2689274
1011,36.8358804,-1.2678469
1012,36.84177,-1.264536
1013,36.8386249,-1.2651088
1014,36.8376616,-1.2658368
1015,36.843224,-1.2670896
1016,36.8422534,-1.2666716
1017,36.8402308,-1.2658005
1018,36.837163,-1.2644411
1019,36.8281412,-1.2730734
1020,36.8283706,-1.2735784
1021,36.8265197,-1.2775354
1022,36.8269135,-1.277215
1023,36.8265025,-1.277012
1024,36.8300478,-1.2788003
1025,36.8220305,-1.279343
1026,36.8316678,-1.2813493
1027,36.8303953,-1.2816869
1028,36.82286,-1.2793083
1029,36.8262023,-1.2865919
1030,36.8286846,-1.2830035
1031,36.8287806,-1.2828438
1032,36.8289631,-1.2825946
1033,36.8291255,-1.2824596
1034,36.8296868,-1.2822206
1035,36.8304247,-1.2820975
1036,36.8297295,-1.2817799
1037,36.8223744,-1.2814369
1038,36.8215011,-1.2817137
1039,36.8217805,-1.281963
1040,36.8215672,-1.2822377
1041,36.8213527,-1.2823236
1042,36.8197658,-1.2831039
1043,36.8191802,-1.2848427
1044,36.8198167,-1.2845058
1045,36.8202292,-1.2842511
1046,36.841761,-1.2646967
1047,36.8408859,-1.2652532
1048,36.8424047,-1.2650657
1049,36.8431317,-1.2662278
1050,36.8428832,-1.2681616
1051,36.8415852,-1.2676078
1052,36.8413959,-1.2683133
1053,36.8414606,-1.267966
1054,36.8417708,-1.2672977
1055,36.8431469,-1.2679107
1056,36.8417994,-1.2704059
1057,36.8423175,-1.2710134
1058,36.8426021,-1.2707892
1059,36.8426965,-1.2715958
1060,36.8428348,-1.2715659
1061,36.8438653,-1.2695017
1062,36.8438123,-1.2692274
1063,36.8422931,-1.2704202
1064,36.8423707,-1.2705129
1065,36.8429712,-1.2726941
1066,36.842416,-1.2734619
1067,36.84213,-1.2727714
1068,36.8419416,-1.2728243
1069,36.8417923,-1.2732078
1070,36.844559,-1.2729687
1071,36.8447822,-1.2739126
1072,36.8447496,-1.2737749
1073,36.8444678,-1.272486
1074,36.8443806,-1.2720245
1075,36.844353,-1.271879
1076,36.8438981,-1.2739384
1077,36.8436149,-1.2726512
1078,36.8435205,-1.2721965
1079,36.8399757,-1.2756203
1080,36.8398353,-1.2755587
1081,36.8389167,-1.2751558
1082,36.8397096,-1.2742645
1083,36.8393916,-1.2747203
1084,36.8400394,-1.2750133
1085,36.8405507,-1.2746334
1086,36.838199,-1.2761523
1087,36.8379523,-1.2760524
1088,36.8373924,-1.2758257
1089,36.8371471,-1.2757263
1090,36.8369995,-1.2756665
1091,36.8366892,-1.2755409
1092,36.836086,-1.2753157
1093,36.8354995,-1.2751084
1094,36.8352927,-1.2750188
1095,36.8365733,-1.2767915
1096,36.8363219,-1.277455
1097,36.8377784,-1.2772678
1098,36.8375531,-1.2771788
1099,36.8369943,-1.2769579
1100,36.8362103,-1.2766481
1101,36.8356188,-1.2764144
1102,36.8350526,-1.2761906
1103,36.8348688,-1.2761179
1104,36.8355242,-1.2744471
1105,36.8372323,-1.2778053
1106,36.8367156,-1.2783613
1107,36.8381158,-1.283925
1108,36.8355689,-1.2815888
1109,36.8348434,-1.2809493
1110,36.8342143,-1.280369
1111,36.8334036,-1.2796213
1112,36.8357946,-1.2798702
1113,36.8352164,-1.2805262
1114,36.8359533,-1.2811878
1115,36.8440344,-1.2848909
1116,36.8437428,-1.2847783
1117,36.843197,-1.2844962
1118,36.8429557,-1.2843416
1119,36.8427619,-1.2842175
1120,36.8423638,-1.2839934
1121,36.8419334,-1.2839055
1122,36.8407765,-1.2841256
1123,36.8402931,-1.284352
1124,36.8391995,-1.2846831
1125,36.8516581,-1.2787927
1126,36.8518355,-1.2789959
1127,36.840953,-1.2844919
1128,36.8411092,-1.284816
1129,36.8425817,-1.2854887
1130,36.8429836,-1.2848405
1131,36.8436239,-1.2838077
1132,36.843836,-1.2834656
1133,36.8440205,-1.283168
1134,36.844499,-1.2824163
1135,36.8446513,-1.2808583
1136,36.8445763,-1.2800359
1137,36.8457396,-1.2668908
1138,36.845839,-1.2673318
1139,36.846441,-1.270265
1140,36.8474802,-1.2753011
1141,36.8475756,-1.275745
1142,36.8520663,-1.2801313
1143,36.8513792,-1.2802746
1144,36.8476917,-1.2760264
1145,36.8464749,-1.2754885
1146,36.8456236,-1.2712788
1147,36.8454608,-1.2704703
1148,36.8447733,-1.2671188
1149,36.8484615,-1.2750958
1150,36.8474478,-1.2700541
1151,36.8471135,-1.2684758
1152,36.8468252,-1.2671237
1153,36.8467306,-1.26668
1154,36.852627,-1.2696765
1155,36.8521446,-1.2697863
1156,36.851906,-1.2686725
1157,36.8545496,-1.267291
1158,36.8535713,-1.2673025
1159,36.851673,-1.2673245
1160,36.8515266,-1.2666466
1161,36.8534577,-1.2666254
1162,36.8552362,-1.2659057
1163,36.8517635,-1.2677432
1164,36.8533395,-1.2659214
1165,36.8516314,-1.2814794
1166,36.8519575,-1.2829083
1167,36.8526441,-1.2800079
1168,36.8506287,-1.2804384
1169,36.8508792,-1.2816462
1170,36.8523076,-1.281328
1171,36.8493929,-1.2793553
1172,36.8497204,-1.2810364
1173,36.8500349,-1.2826508
1174,36.8470526,-1.2833192
1175,36.8480555,-1.2830944
1176,36.8490329,-1.2828754
1177,36.8512193,-1.2833373
1178,36.8477266,-1.2814514
1179,36.8473908,-1.2797738
1180,36.8480263,-1.2778375
1181,36.8483449,-1.2795744
1182,36.8486941,-1.28125
1183,36.8467001,-1.281665
1184,36.85071,-1.2808305
1185,36.8604788,-1.2835288
1186,36.8580016,-1.2839977
1187,36.8555692,-1.2845028
1188,36.8530842,-1.2850136
1189,36.8515912,-1.2853204
1190,36.8529594,-1.2844086
1191,36.8554322,-1.2839018
1192,36.857882,-1.2833997
1193,36.8592445,-1.28314
1194,36.8523072,-1.2872474
1195,36.8533948,-1.286566
1196,36.8533232,-1.2862082
1197,36.8532054,-1.2856192
1198,36.852893,-1.2838179
1199,36.8556984,-1.2850895
1200,36.8581168,-1.2845736
1201,36.8517339,-1.2865552
1202,36.8558274,-1.2856751
1203,36.8582198,-1.2850885
1204,36.8552847,-1.2832712
1205,36.8490736,-1.2872416
1206,36.8517256,-1.2864685
1207,36.8540347,-1.2918392
1208,36.8552644,-1.2913097
1209,36.8571402,-1.2904945
1210,36.8576189,-1.2902861
1211,36.8580431,-1.2901021
1212,36.855496,-1.2918525
1213,36.8551371,-1.290767
1214,36.8550049,-1.2902202
1215,36.8548782,-1.2896961
1216,36.8561672,-1.2885577
1217,36.8572876,-1.2886575
1218,36.8576047,-1.2890587
1219,36.8577926,-1.2895055
1220,36.8582694,-1.2906388
1221,36.8598417,-1.2959432
1222,36.8626305,-1.2929401
1223,36.8210155,-1.2812949
1224,36.8229157,-1.2812822
1225,36.8229467,-1.2810694
1226,36.822993,-1.2808914
1227,36.8230676,-1.2807486
1228,36.8235879,-1.2801344
1229,36.8238613,-1.2798246
1230,36.8259588,-1.2808937
1231,36.8234278,-1.2807585
1232,36.8312575,-1.2839196
1233,36.830758,-1.2835374
1234,36.8301435,-1.2831352
1235,36.8297397,-1.2828678
1236,36.8261623,-1.2805569
1237,36.8248061,-1.2802923
1238,36.8249655,-1.2797851
1239,36.8239334,-1.2805382
1240,36.8236458,-1.2806046
1241,36.8260007,-1.2808245
1242,36.8258187,-1.2811257
1243,36.8260477,-1.2815564
1244,36.8262321,-1.2812751
1245,36.8311788,-1.2821304
1246,36.8309943,-1.282726
1247,36.8266037,-1.2848076
1248,36.8269047,-1.2846625
1249,36.8282919,-1.2839608
1250,36.8306014,-1.2864603
1251,36.8310164,-1.2851742
1252,36.8612423,-1.2674518
1253,36.820457,-1.2702677
1254,36.8201671,-1.2702506
1255,36.8196805,-1.2694067
1256,36.8197933,-1.2707462
1257,36.8218388,-1.2715472
1258,36.8214815,-1.2720187
1259,36.8220993,-1.2770126
1260,36.8232647,-1.2753103
1261,36.830296,-1.2820565
1262,36.8312486,-1.2844253
1263,36.8308878,-1.2842049
1264,36.8284899,-1.2914596
1265,36.8234998,-1.2999123
1266,36.823908,-1.2997481
1267,36.8239302,-1.3000893
1268,36.8238817,-1.3000066
1269,36.8135876,-1.3029635
1270,36.8164115,-1.3019494
1271,36.8195114,-1.3009123
1272,36.8214723,-1.3084112
1273,36.8202537,-1.3097478
1274,36.8239537,-1.3080466
1275,36.8257476,-1.3077209
1276,36.8260446,-1.3083318
1277,36.8240642,-1.3087834
1278,36.8263601,-1.3089808
1279,36.8241544,-1.3093847
1280,36.8171487,-1.2965655
1281,36.8165314,-1.2971363
1282,36.8150879,-1.2977219
1283,36.8126707,-1.2984641
1284,36.8155112,-1.299074
1285,36.8159653,-1.3005244
1286,36.8329812,-1.2679178
1287,36.8331,-1.2683763
1288,36.8414536,-1.2987516
1289,36.8391025,-1.299937
1290,36.8385061,-1.3002376
1291,36.8374799,-1.300755
1292,36.8422834,-1.2999251
1293,36.8381288,-1.3020696
1294,36.8431485,-1.300838
1295,36.838652,-1.3031296
1296,36.8439083,-1.3017978
1297,36.8468953,-1.3022268
1298,36.847333,-1.3033767
1299,36.8473673,-1.3050242
1300,36.847436,-1.3066374
1301,36.8442376,-1.3082327
1302,36.8480883,-1.3079245
1303,36.8455876,-1.3091647
1304,36.8494015,-1.3017463
1305,36.8409043,-1.2971041
1306,36.8389734,-1.2996271
1307,36.8393021,-1.3056189
1308,36.8384094,-1.3060308
1309,36.8301412,-1.3056974
1310,36.8297715,-1.3049272
1311,36.829097,-1.3035221
1312,36.8286822,-1.3026794
1313,36.828305,-1.3018494
1314,36.8278171,-1.3009223
1315,36.8307975,-1.3103375
1316,36.8303194,-1.3096641
1317,36.8323755,-1.3057991
1318,36.8311151,-1.3091304
1319,36.8317419,-1.3087016
1320,36.830801,-1.3142106
1321,36.8305388,-1.3141826
1322,36.8306675,-1.3140968
1323,36.8306705,-1.3139848
1324,36.8111754,-1.3063912
1325,36.8130697,-1.3054086
1326,36.8139167,-1.3043481
1327,36.8139992,-1.3039113
1328,36.8148034,-1.3009005
1329,36.8143084,-1.3010534
1330,36.8142532,-1.3010704
1331,36.8555406,-1.295591
1332,36.8553601,-1.295245
1333,36.8559953,-1.2951163
1334,36.85721,-1.295409
1335,36.8865098,-1.2975277
1336,36.8556348,-1.2953222
1337,36.8553258,-1.2952278
1338,36.8565236,-1.2989589
1339,36.8560086,-1.2988387
1340,36.8553611,-1.2949243
1341,36.8557721,-1.2953308
1342,36.8437558,-1.2989176
1343,36.8431879,-1.2979977
1344,36.8424669,-1.2968299
1345,36.8434059,-1.2925249
1346,36.8443051,-1.2950305
1347,36.8450776,-1.2944041
1348,36.8452149,-1.2944384
1349,36.8454654,-1.2946501
1350,36.8455766,-1.2952279
1351,36.8446014,-1.2965532
1352,36.8441421,-1.2958285
1353,36.8452243,-1.2929247
1354,36.8456899,-1.2930266
1355,36.8486908,-1.2936846
1356,36.8465281,-1.2992265
1357,36.8494217,-1.296308
1358,36.8497261,-1.296001
1359,36.8511297,-1.2945853
1360,36.8514293,-1.2942831
1361,36.8466311,-1.2995183
1362,36.8471063,-1.299049
1363,36.8477076,-1.2984553
1364,36.8497486,-1.2964397
1365,36.8500414,-1.2961506
1366,36.8503234,-1.2958721
1367,36.8506189,-1.2955804
1368,36.8509054,-1.2952974
1369,36.8512115,-1.2949952
1370,36.8671533,-1.2980681
1371,36.8649571,-1.2983679
1372,36.8605035,-1.2989758
1373,36.860114,-1.299029
1374,36.8587862,-1.2992102
1375,36.8576346,-1.2992182
1376,36.8568337,-1.2990313
1377,36.8553171,-1.2986773
1378,36.8563214,-1.2960087
1379,36.8580954,-1.2963655
1380,36.8601757,-1.2967838
1381,36.8600561,-1.2984785
1382,36.8598814,-1.2982279
1383,36.8578585,-1.2978323
1384,36.8587576,-1.2980081
1385,36.8566976,-1.2980736
1386,36.854745,-1.2948842
1387,36.8551708,-1.2941801
1388,36.8562683,-1.2937175
1389,36.8573007,-1.2939381
1390,36.857307,-1.2947099
1391,36.8561486,-1.2944475
1392,36.8565002,-1.2939977
1393,36.8557106,-1.2923759
1394,36.8544231,-1.2929251
1395,36.8556873,-1.2923858
1396,36.8545004,-1.2931482
1397,36.8602081,-1.291964
1398,36.8591255,-1.2902625
1399,36.8588449,-1.2886124
1400,36.8586535,-1.2881631
1401,36.8578686,-1.2885215
1402,36.8580538,-1.2889521
1403,36.8601072,-1.2902376
1404,36.859948,-1.289901
1405,36.859784,-1.2895372
1406,36.8592822,-1.2884247
1407,36.8593394,-1.2873261
1408,36.8598114,-1.28712
1409,36.8602658,-1.2869216
1410,36.8617273,-1.2862835
1411,36.8621307,-1.2872016
1412,36.8597282,-1.2882332
1413,36.8602087,-1.2880268
1414,36.8606758,-1.2878263
1415,36.8474622,-1.2853481
1416,36.8473789,-1.28559
1417,36.8446962,-1.2863259
1418,36.8321704,-1.2847237
1419,36.8325567,-1.28413
1420,36.8327982,-1.2838367
1421,36.8317487,-1.2825746
1422,36.8313266,-1.2841591
1423,36.8315513,-1.2832611
1424,36.8328725,-1.2844087
1425,36.8113558,-1.2793642
1426,36.812502,-1.2804521
1427,36.8137515,-1.2816799
1428,36.81378,-1.281722
1429,36.8266502,-1.3072493
1430,36.8272466,-1.3072155
1431,36.8261598,-1.3085687
1432,36.8263813,-1.3090243
1433,36.826586,-1.3094454
1434,36.8268175,-1.3099216
1435,36.8285165,-1.3135877
1436,36.8286462,-1.3128915
1437,36.8294405,-1.3129601
1438,36.8294638,-1.3130567
1439,36.8293423,-1.3137499
1440,36.8286704,-1.3157006
1441,36.8288721,-1.3149272
1442,36.8289524,-1.3144045
1443,36.8290615,-1.3136947
1444,36.8300772,-1.3159321
1445,36.830328,-1.3146539
1446,36.8253422,-1.3151755
1447,36.8253751,-1.3150051
1448,36.825401,-1.3148708
1449,36.8254713,-1.3145062
1450,36.8255278,-1.3142135
1451,36.825627,-1.3136991
1452,36.825753,-1.313046
1453,36.8216704,-1.3116237
1454,36.8212755,-1.3125934
1455,36.821583,-1.3124355
1456,36.8193873,-1.3131597
1457,36.8203381,-1.3126972
1458,36.8204087,-1.3128508
1459,36.8201168,-1.3122158
1460,36.8206232,-1.3119841
1461,36.8205629,-1.3120117
1462,36.8189324,-1.3112976
1463,36.8188528,-1.3114721
1464,36.8186625,-1.3118896
1465,36.8202713,-1.3112462
1466,36.8197687,-1.3114857
1467,36.8179539,-1.3115722
1468,36.8196448,-1.3112547
1469,36.8212584,-1.3103967
1470,36.8211927,-1.3145892
1471,36.8216103,-1.3146785
1472,36.8223645,-1.3145724
1473,36.8228462,-1.3146871
1474,36.8234213,-1.3158884
1475,36.8233011,-1.3163603
1476,36.8231724,-1.3168237
1477,36.850001,-1.3152236
1478,36.849985,-1.3153507
1479,36.8269033,-1.3181961
1480,36.8263794,-1.3181019
1481,36.8268545,-1.3184626
1482,36.8270549,-1.3173664
1483,36.8265284,-1.3170811
1484,36.826503,-1.3172553
1485,36.8254727,-1.3170811
1486,36.8293951,-1.3178019
1487,36.8281604,-1.3175721
1488,36.8271979,-1.3183082
1489,36.8280175,-1.3184528
1490,36.8295494,-1.3187232
1491,36.8289231,-1.3181795
1492,36.8280868,-1.3180255
1493,36.8272923,-1.3178791
1494,36.8241721,-1.3181775
1495,36.8290066,-1.3215151
1496,36.8239974,-1.283744
1497,36.8584985,-1.3184171
1498,36.8587989,-1.3181339
1499,36.8615671,-1.3185205
1500,36.8616399,-1.3178164
1501,36.8628716,-1.3182273
1502,36.8578119,-1.3194983
1503,36.8510393,-1.3155323
1504,36.8504181,-1.3160157
1505,36.8500288,-1.3160103
1506,36.8499395,-1.3160517
1507,36.8495023,-1.3160488
1508,36.8492635,-1.3160472
1509,36.8490543,-1.3160458
1510,36.84968,-1.3141983
1511,36.8499068,-1.3143415
1512,36.8502748,-1.3145738
1513,36.850294,-1.3149632
1514,36.8502326,-1.315212
1515,36.8499927,-1.3149161
1516,36.8500002,-1.3155258
1517,36.8500182,-1.3157593
1518,36.8494301,-1.3153594
1519,36.8495199,-1.3157727
1520,36.8515457,-1.3155294
1521,36.8512195,-1.3155312
1522,36.8512265,-1.3148825
1523,36.8512214,-1.3153589
1524,36.8505944,-1.3149622
1525,36.8495718,-1.3145884
1526,36.8499113,-1.3145817
1527,36.8451028,-1.3184529
1528,36.845161,-1.3187992
1529,36.8414783,-1.3180224
1530,36.8412253,-1.3181595
1531,36.8404177,-1.31852
1532,36.8401822,-1.31852
1533,36.8399026,-1.3183788
1534,36.8394918,-1.3177992
1535,36.8139101,-1.2701283
1536,36.8142711,-1.2689905
1537,36.8145073,-1.2687887
1538,36.8146405,-1.2687857
1539,36.8145435,-1.2681688
1540,36.8145743,-1.2684333
1541,36.8136325,-1.2698392
1542,36.8139956,-1.2687892
1543,36.8142142,-1.2685264
1544,36.8142603,-1.2685635
1545,36.812502,-1.3159164
1546,36.8128087,-1.3148633
1547,36.8124419,-1.3145177
1548,36.8120965,-1.3155756
1549,36.8125878,-1.3160022
1550,36.8124678,-1.3152043
1551,36.8121243,-1.3148695
1552,36.8321244,-1.2813602
1553,36.8864065,-1.2987782
1554,36.8604141,-1.3091748
1555,36.8601389,-1.3092039
1556,36.8449109,-1.3086991
1557,36.845258,-1.3089395
1558,36.8479887,-1.3107656
1559,36.8494307,-1.3112719
1560,36.8495508,-1.3113577
1561,36.8307439,-1.3012179
1562,36.822609,-1.2997694
1563,36.8208434,-1.2993661
1564,36.8270106,-1.2990545
1565,36.8144814,-1.2718747
1566,36.8146997,-1.2720856
1567,36.8259467,-1.3081304
1568,36.8267292,-1.30974
1569,36.8270447,-1.310389
1570,36.8320114,-1.3037637
1571,36.8405203,-1.2949903
1572,36.8465508,-1.2932151
1573,36.8403143,-1.2950762
1574,36.8525815,-1.2913416
1575,36.8525842,-1.2912041
1576,36.8523657,-1.2899143
1577,36.8236787,-1.3063342
1578,36.8139939,-1.315903
1579,36.8128435,-1.3169613
1580,36.8394658,-1.288752
1581,36.8355777,-1.2868044
1582,36.8334404,-1.2860184
1583,36.81506,-1.2776897
1584,36.8162163,-1.273166
1585,36.8158237,-1.2729017
1586,36.8156759,-1.272835
1587,36.8306498,-1.3027603
1588,36.8268051,-1.3048891
1589,36.8239216,-1.3078288
1590,36.8463265,-1.2799963
1591,36.8425242,-1.279874
1592,36.8403039,-1.2789986
1593,36.8142048,-1.2821682
1594,36.8142951,-1.2820678
1595,36.814083,-1.2820901
1596,36.8138788,-1.2818467
1597,36.8141305,-1.282305
1598,36.8034132,-1.3241398
1599,36.8140279,-1.3177931
1600,36.8144312,-1.3178057
1601,36.815026,-1.3180266
1602,36.8205238,-1.2848998
1603,36.8204936,-1.2848369
1604,36.8199942,-1.2837251
1605,36.8197254,-1.2831233
1606,36.8195326,-1.2827562
1607,36.8193424,-1.2823954
1608,36.819176,-1.2820796
1609,36.8186255,-1.2810351
1610,36.820667,-1.2730811
1611,36.8199692,-1.2739803
1612,36.8197281,-1.2743313
1613,36.8194243,-1.2747831
1614,36.823856,-1.3056826
1615,36.8243411,-1.3100887
1616,36.8132598,-1.3134497
1617,36.8153432,-1.3172911
1618,36.815364,-1.3173287
1619,36.815397,-1.3172352
1620,36.8154449,-1.3173009
1621,36.8239302,-1.2997178
1622,36.8219827,-1.2954706
1623,36.8242902,-1.2996494
1624,36.8247445,-1.2996029
1625,36.8165013,-1.3174638
1626,36.8178697,-1.3177706
1627,36.8188965,-1.3180352
1628,36.8122083,-1.3101344
1629,36.8134098,-1.3096603
1630,36.8135289,-1.3096088
1631,36.8159054,-1.3084112
1632,36.816319,-1.3068337
1633,36.832589,-1.3162265
1634,36.8132155,-1.3165271
1635,36.8137425,-1.3164225
1636,36.8288983,-1.3118332
1637,36.8285901,-1.3118805
1638,36.8278399,-1.3134623
1639,36.809645,-1.3146841
1640,36.8122556,-1.313834
1641,36.8125266,-1.3137313
1642,36.813044,-1.3135336
1643,36.8223869,-1.2860162
1644,36.8221471,-1.2855374
1645,36.8219433,-1.2851325
1646,36.821693,-1.2846356
1647,36.8215745,-1.2843995
1648,36.821531,-1.2843125
1649,36.8212621,-1.2837743
1650,36.8235626,-1.283393
1651,36.8238245,-1.2830563
1652,36.8218399,-1.2862804
1653,36.8213572,-1.2865135
1654,36.8240165,-1.2851749
1655,36.8244457,-1.2849706
1656,36.8246609,-1.2848682
1657,36.8247203,-1.284841
1658,36.8251329,-1.2846524
1659,36.8231958,-1.2835909
1660,36.8194559,-1.2853779
1661,36.820534,-1.2848175
1662,36.8226349,-1.2837457
1663,36.820008,-1.2866928
1664,36.8200689,-1.286661
1665,36.823884,-1.2846691
1666,36.8216055,-1.2858038
1667,36.821119,-1.2860432
1668,36.8209112,-1.2856235
1669,36.8234771,-1.2844028
1670,36.8229661,-1.2839991
1671,36.8229239,-1.2840202
1672,36.8206742,-1.285145
1673,36.8196078,-1.2856782
1674,36.8194789,-1.2857427
1675,36.8183262,-1.286319
1676,36.8278024,-1.281851
1677,36.8276379,-1.2820951
1678,36.8275393,-1.2822415
1679,36.8272013,-1.2827417
1680,36.826904,-1.2831971
1681,36.8265417,-1.2837275
1682,36.8263116,-1.284099
1683,36.8196999,-1.2804271
1684,36.81868,-1.2810063
1685,36.8181082,-1.2826176
1686,36.8188238,-1.2822571
1687,36.819573,-1.2827368
1688,36.8326901,-1.2854139
1689,36.8327161,-1.2859788
1690,36.8435747,-1.2923328
1691,36.8435234,-1.2926516
1692,36.8242566,-1.2816895
1693,36.8245725,-1.2816893
1694,36.8238504,-1.2802665
1695,36.8344569,-1.2770455
1696,36.8348353,-1.2771955
1697,36.8343988,-1.2770985
1698,36.8345983,-1.2771742
1699,36.8348077,-1.2772536
1700,36.8346462,-1.2775932
1701,36.8346719,-1.2775391
1702,36.8347116,-1.2774556
1703,36.8347398,-1.2773964
1704,36.8347704,-1.2773321
1705,36.8348911,-1.2770783
1706,36.8342373,-1.2776613
1707,36.8342448,-1.2774518
1708,36.834275,-1.2773826
1709,36.8343108,-1.2773005
1710,36.8343387,-1.2772364
1711,36.8343668,-1.277172
1712,36.8346109,-1.2769749
1713,36.8345657,-1.2772509
1714,36.8345381,-1.2773159
1715,36.8344575,-1.2774545
1716,36.8344165,-1.2775123
1717,36.8345116,-1.2773782
1718,36.8342347,-1.2782493
1719,36.8342067,-1.2782462
1720,36.8342681,-1.2776724
1721,36.8348737,-1.2778985
1722,36.8346505,-1.2778104
1723,36.8346008,-1.2777925
1724,36.8345069,-1.2777586
1725,36.8239541,-1.2820435
1726,36.8165012,-1.2691896
1727,36.8308268,-1.2773293
1728,36.8312689,-1.2756569
1729,36.8316744,-1.2741229
1730,36.8323255,-1.2716654
1731,36.8328747,-1.2695665
1732,36.8278463,-1.2725685
1733,36.8275809,-1.272193
1734,36.8163771,-1.2728424
1735,36.8319034,-1.282163
1736,36.831651,-1.2829143
1737,36.8314139,-1.2837175
1738,36.8315704,-1.2800976
1739,36.8310562,-1.2793809
1740,36.8308495,-1.2790889
1741,36.8231423,-1.2797778
1742,36.8234055,-1.2798078
1743,36.8179608,-1.2795742
1744,36.8178629,-1.2794367
1745,36.8173271,-1.2791441
1746,36.8168429,-1.2789049
1747,36.816463,-1.2787172
1748,36.8156149,-1.2781497
1749,36.8154623,-1.278023
1750,36.8820513,-1.3101315
1751,36.8603638,-1.3127513
1752,36.8603001,-1.3127601
1753,36.8568614,-1.3133666
1754,36.8318928,-1.2682245
1755,36.8307944,-1.2684884
1756,36.8321344,-1.2692143
1757,36.8160249,-1.2704233
1758,36.831031,-1.2694751
1759,36.8295379,-1.2700757
1760,36.8309073,-1.2689591
1761,36.8283735,-1.2695788
1762,36.8283126,-1.2690569
1763,36.8337275,-1.2745422
1764,36.833644,-1.2747832
1765,36.8336662,-1.2750575
1766,36.8336917,-1.2753607
1767,36.8325604,-1.2745794
1768,36.8319351,-1.2741661
1769,36.8323756,-1.2751643
1770,36.8323456,-1.2755253
1771,36.8350037,-1.2822406
1772,36.8370105,-1.2845068
1773,36.8336493,-1.2809979
1774,36.8265569,-1.3054408
1775,36.8268788,-1.3052906
1776,36.8162787,-1.2792409
1777,36.8151239,-1.2793825
1778,36.8124507,-1.2784882
1779,36.8120173,-1.2788359
1780,36.8119041,-1.2789375
1781,36.8124,-1.2804989
1782,36.812122,-1.2806345
1783,36.8117922,-1.2808042
1784,36.8122787,-1.2809545
1785,36.8115714,-1.280264
1786,36.8114425,-1.2800799
1787,36.8113201,-1.2794082
1788,36.8111653,-1.2779666
1789,36.812183,-1.2781681
1790,36.811759,-1.2785132
1791,36.813694,-1.2820128
1792,36.8128907,-1.2819524
1793,36.8128156,-1.2822635
1794,36.8127694,-1.2825912
1795,36.8121694,-1.2797897
1796,36.8118261,-1.2792641
1797,36.8127058,-1.2855604
1798,36.8190936,-1.3042272
1799,36.8609689,-1.2727541
1800,36.8602296,-1.2727392
1801,36.8602464,-1.2716411
1802,36.8602555,-1.2716345
1803,36.860971,-1.2716314
1804,36.8519413,-1.2912054
1805,36.8521626,-1.2900897
1806,36.8513683,-1.2910836
1807,36.8515757,-1.2900391
1808,36.8480237,-1.2902024
1809,36.8501658,-1.2903809
1810,36.850956,-1.2925427
1811,36.8262164,-1.2851798
1812,36.8259243,-1.2853435
1813,36.8300259,-1.2833125
1814,36.8298654,-1.2835546
1815,36.8271776,-1.2852053
1816,36.8373353,-1.2860494
1817,36.8274976,-1.2782517
1818,36.8275358,-1.2859179
1819,36.8273535,-1.2855553
1820,36.8270564,-1.2849642
1821,36.8263231,-1.2864096
1822,36.8492109,-1.2645018
1823,36.8492501,-1.2641542
1824,36.8512704,-1.2652875
1825,36.8493837,-1.2654368
1826,36.8494364,-1.2660813
1827,36.849436,-1.266147
1828,36.8508233,-1.2656826
1829,36.850835,-1.2659484
1830,36.8502899,-1.2659801
1831,36.8502863,-1.265911
1832,36.8502668,-1.2656413
1833,36.8509943,-1.2645743
1834,36.8507577,-1.2635344
1835,36.849251,-1.2640896
1836,36.8490423,-1.2644897
1837,36.8503643,-1.2644347
1838,36.8511517,-1.264624
1839,36.8515318,-1.264577
1840,36.8523443,-1.2644074
1841,36.8529471,-1.2643151
1842,36.8529955,-1.2643042
1843,36.8549884,-1.2641701
1844,36.8564774,-1.2644474
1845,36.8573467,-1.2644903
1846,36.8574696,-1.2645174
1847,36.85883,-1.2644897
1848,36.8597388,-1.264317
1849,36.8507678,-1.2633961
1850,36.8526245,-1.26367
1851,36.8526366,-1.2637821
1852,36.8531032,-1.2648396
1853,36.8531277,-1.2649426
1854,36.8531874,-1.2652914
1855,36.8532903,-1.2659218
1856,36.8529199,-1.2653685
1857,36.8513895,-1.2659369
1858,36.8523948,-1.2648125
1859,36.8524549,-1.2648568
1860,36.8525767,-1.2649466
1861,36.8530324,-1.2659238
1862,36.8551249,-1.2654289
1863,36.8514902,-1.265873
1864,36.8516851,-1.2653674
1865,36.8521153,-1.2653175
1866,36.8604711,-1.2634164
1867,36.8599732,-1.2635364
1868,36.8604968,-1.263977
1869,36.8604882,-1.2634123
1870,36.8604042,-1.2629806
1871,36.8492429,-1.2637261
1872,36.8500528,-1.263546
1873,36.8529197,-1.2626848
1874,36.8529193,-1.2633771
1875,36.8529303,-1.2635759
1876,36.8569131,-1.2635795
1877,36.8573248,-1.2636437
1878,36.8582274,-1.2636336
1879,36.8583156,-1.2640567
1880,36.858117,-1.2630317
1881,36.8591864,-1.2627153
1882,36.8603829,-1.2624907
1883,36.8627237,-1.2614843
1884,36.8507843,-1.2632681
1885,36.8516397,-1.2633487
1886,36.8517181,-1.263226
1887,36.8517325,-1.2629434
1888,36.8492145,-1.2654936
1889,36.858318,-1.2641746
1890,36.8517548,-1.2625915
1891,36.85517,-1.2659076
1892,36.8551047,-1.2653185
1893,36.8508222,-1.262848
1894,36.8508493,-1.2625167
1895,36.8582202,-1.2643168
1896,36.8586758,-1.2643694
1897,36.8522467,-1.2626344
1898,36.8521992,-1.2633544
1899,36.8525978,-1.2633983
1900,36.853765,-1.2627691
1901,36.8537701,-1.2631142
1902,36.8551921,-1.2633287
1903,36.8610442,-1.2617615
1904,36.8605848,-1.2617745
1905,36.8605432,-1.2618243
1906,36.8604845,-1.2618908
1907,36.8604175,-1.2619421
1908,36.8492688,-1.2661813
1909,36.849263,-1.2661151
1910,36.8506616,-1.2657179
1911,36.8506695,-1.265952
1912,36.8495489,-1.2625897
1913,36.8569214,-1.2631057
1914,36.8584311,-1.2630706
1915,36.8550717,-1.2632525
1916,36.8550804,-1.2623345
1917,36.8569166,-1.2633782
1918,36.8600386,-1.2615299
1919,36.8601774,-1.2618466
1920,36.8603003,-1.2618152
1921,36.8601575,-1.2630674
1922,36.8602666,-1.2627931
1923,36.8557291,-1.2614715
1924,36.8563558,-1.261826
1925,36.8573869,-1.2618556
1926,36.8576855,-1.2618505
1927,36.8578127,-1.2618618
1928,36.8584889,-1.2619099
1929,36.8592185,-1.2618828
1930,36.8606037,-1.2605168
1931,36.8609451,-1.2591222
1932,36.8561634,-1.2624114
1933,36.8562542,-1.2623911
1934,36.8584568,-1.2624381
1935,36.8584709,-1.2623747
1936,36.8556935,-1.2619122
1937,36.8557545,-1.2618848
1938,36.8603633,-1.2618891
1939,36.8581792,-1.2623863
1940,36.8581083,-1.2623381
1941,36.8137476,-1.2734286
1942,36.8141018,-1.2738584
1943,36.8156012,-1.273121
1944,36.8157138,-1.2731504
1945,36.8126459,-1.2743832
1946,36.8126083,-1.2745633
1947,36.8156629,-1.2736465
1948,36.8158131,-1.274813
1949,36.84065,-1.3143946
1950,36.8145204,-1.2739954
1951,36.8142697,-1.2739317
1952,36.8144592,-1.2740745
1953,36.8146249,-1.2740649
1954,36.8151668,-1.274317
1955,36.8142713,-1.2739947
1956,36.8141779,-1.2741584
1957,36.8144354,-1.2741397
1958,36.8149517,-1.2745137
1959,36.8149598,-1.2747551
1960,36.8147599,-1.2745446
1961,36.8141153,-1.3162158
1962,36.8143835,-1.3162007
1963,36.8151209,-1.313266
1964,36.8152497,-1.3130246
1965,36.8148474,-1.313813
1966,36.8499525,-1.3182202
1967,36.849796,-1.3187728
1968,36.8509015,-1.3195735
1969,36.8501854,-1.3190548
1970,36.8493805,-1.3184718
1971,36.8488265,-1.3187226
1972,36.8504189,-1.3183707
1973,36.8495437,-1.3180882
1974,36.8516748,-1.3192101
1975,36.8399261,-1.3155238
1976,36.8399346,-1.3159069
1977,36.8399457,-1.3164113
1978,36.839958,-1.3169689
1979,36.8404948,-1.316414
1980,36.8405055,-1.3158885
1981,36.8406442,-1.3141023
1982,36.8406289,-1.3133196
1983,36.8419658,-1.3173179
1984,36.8385502,-1.3138614
1985,36.8395408,-1.313857
1986,36.8397518,-1.313856
1987,36.8384732,-1.3155316
1988,36.8386556,-1.3155316
1989,36.8423133,-1.3169718
1990,36.8417205,-1.3144031
1991,36.8409951,-1.3140716
1992,36.841176,-1.3137461
1993,36.8395273,-1.3133224
1994,36.8394388,-1.3144034
1995,36.8404384,-1.3143977
1996,36.8385582,-1.3144084
1997,36.8391215,-1.317181
1998,36.8389107,-1.316539
1999,36.8388494,-1.3163555
2000,36.8390874,-1.3133235
2001,36.8400691,-1.313321
2002,36.8417168,-1.3133306
2003,36.838492,-1.3117158
2004,36.8391303,-1.3117188
2005,36.8400482,-1.3117053
2006,36.8390847,-1.3127739
2007,36.8384938,-1.31277
2008,36.8397276,-1.3127781
2009,36.8385555,-1.3122391
2010,36.839099,-1.3122436
2011,36.8393307,-1.3122498
2012,36.8338674,-1.3164769
2013,36.8341952,-1.3159651
2014,36.8342372,-1.3156231
2015,36.8337257,-1.316387
2016,36.8352135,-1.3173098
2017,36.834441,-1.3159583
2018,36.8343702,-1.3160753
2019,36.834264,-1.3162506
2020,36.8372742,-1.3162358
2021,36.8363776,-1.3162238
2022,36.8364312,-1.3137354
2023,36.837061,-1.3137287
2024,36.8372838,-1.3137231
2025,36.8370709,-1.3132356
2026,36.8370744,-1.313069
2027,36.8365598,-1.3132385
2028,36.8372842,-1.3165912
2029,36.8365611,-1.3136308
2030,36.8365593,-1.3130771
2031,36.8531844,-1.2630458
2032,36.853229,-1.2627151
2033,36.8553433,-1.2625789
2034,36.8561607,-1.2635499
2035,36.8573831,-1.265888
2036,36.8566002,-1.2653769
2037,36.856691,-1.2658277
2038,36.8436664,-1.2636383
2039,36.8431246,-1.2638508
2040,36.8453378,-1.2645201
2041,36.8458792,-1.2644692
2042,36.8446707,-1.2632066
2043,36.8455056,-1.2654627
2044,36.8460732,-1.2653848
2045,36.8453518,-1.2631758
2046,36.8435746,-1.2632848
2047,36.8443661,-1.2651669
2048,36.8453614,-1.2647218
2049,36.845914,-1.2646536
2050,36.8449694,-1.266193
2051,36.8455774,-1.2660621
2052,36.8463126,-1.2664769
2053,36.8463809,-1.2667596
2054,36.8448574,-1.2658435
2055,36.8455496,-1.2656926
2056,36.8461025,-1.2655884
2057,36.8436424,-1.2634044
2058,36.8440605,-1.2646198
2059,36.8440118,-1.2644528
2060,36.8454757,-1.2652947
2061,36.8460484,-1.265188
2062,36.84417,-1.2653735
2063,36.8441468,-1.265197
2064,36.8450009,-1.2664044
2065,36.8454077,-1.2649233
2066,36.8459592,-1.264838
2067,36.8453101,-1.2643646
2068,36.8455641,-1.2659066
2069,36.8461506,-1.2658296
2070,36.8454442,-1.2651181
2071,36.8460056,-1.2650028
2072,36.8398265,-1.3178129
2073,36.8174858,-1.2675476
2074,36.8176671,-1.2676935
2075,36.8245887,-1.2641429
2076,36.8243334,-1.2640289
2077,36.8247185,-1.2638603
2078,36.8184546,-1.2806681
2079,36.8174115,-1.281211
2080,36.8117681,-1.313003
2081,36.8148119,-1.3114234
2082,36.8119697,-1.3125192
2083,36.8119928,-1.3122262
2084,36.8120162,-1.3119288
2085,36.8120929,-1.3109561
2086,36.813975,-1.3115763
2087,36.8136521,-1.311572
2088,36.8130483,-1.3113822
2089,36.8125476,-1.3111767
2090,36.8125051,-1.3116699
2091,36.8115988,-1.3122005
2092,36.8135903,-1.3097798
2093,36.81378,-1.310303
2094,36.8185299,-1.3077689
2095,36.818664,-1.3077808
2096,36.8191847,-1.3072461
2097,36.8149495,-1.3104504
2098,36.8149709,-1.309898
2099,36.8149656,-1.3097854
2100,36.8103331,-1.3093459
2101,36.8120205,-1.3084609
2102,36.8185295,-1.3067526
2103,36.8185289,-1.3069993
2104,36.8185302,-1.3080318
2105,36.8121712,-1.3087762
2106,36.8104245,-1.3095522
2107,36.8118081,-1.3130691
2108,36.8085205,-1.313215
2109,36.8158757,-1.3090024
2110,36.8141529,-1.3095415
2111,36.8120327,-1.3088477
2112,36.8121599,-1.3090951
2113,36.8137091,-1.3082157
2114,36.8137456,-1.3081833
2115,36.8133428,-1.3089195
2116,36.8167558,-1.3061364
2117,36.8165267,-1.3061405
2118,36.8129248,-1.3083872
2119,36.8128343,-1.3081864
2120,36.8136789,-1.3079979
2121,36.81523,-1.306586
2122,36.8153766,-1.3068284
2123,36.8134666,-1.3074127
2124,36.8132677,-1.3074503
2125,36.8127245,-1.3079179
2126,36.8162856,-1.3060597
2127,36.8141157,-1.3071726
2128,36.8142762,-1.3074091
2129,36.8130635,-1.307322
2130,36.8147563,-1.3074375
2131,36.8148537,-1.3076155
2132,36.8148841,-1.3076046
2133,36.8143788,-1.3076367
2134,36.8126971,-1.2925379
2135,36.8110193,-1.2964945
2136,36.8147022,-1.2912772
2137,36.8147268,-1.290771
2138,36.8147068,-1.2911838
2139,36.805004,-1.2856126
2140,36.8105179,-1.2855243
2141,36.8118755,-1.286216
2142,36.8252254,-1.2898651
2143,36.8603992,-1.2629687
2144,36.8157608,-1.2814708
2145,36.8158199,-1.2816437
2146,36.8161352,-1.2822886
2147,36.8163407,-1.315173
2148,36.8165065,-1.2793576
2149,36.8170858,-1.279658
2150,36.817418,-1.279828
2151,36.8157347,-1.2797285
2152,36.81621,-1.2799605
2153,36.8161402,-1.2801801
2154,36.815658,-1.3129856
2155,36.8146653,-1.269997
2156,36.8147812,-1.2699924
2157,36.8188687,-1.2830942
2158,36.8190596,-1.2834708
2159,36.8187843,-1.2831362
2160,36.8187005,-1.2831779
2161,36.818444,-1.2833011
2162,36.8162473,-1.2826813
2163,36.8160754,-1.2823227
2164,36.8161068,-1.2823048
2165,36.816269,-1.2826359
2166,36.816678,-1.2828898
2167,36.8168297,-1.283205
2168,36.8185916,-1.2827657
2169,36.8213062,-1.2826715
2170,36.82212,-1.2833341
2171,36.8227504,-1.2838312
2172,36.8232128,-1.284194
2173,36.8241292,-1.2848102
2174,36.8188781,-1.2835632
2175,36.8186331,-1.2836871
2176,36.8183196,-1.2801719
2177,36.8192164,-1.2820602
2178,36.8202897,-1.284292
2179,36.8206689,-1.2840685
2180,36.821541,-1.2817776
2181,36.8211725,-1.2861511
2182,36.841374,-1.3185183
2183,36.8429808,-1.3169595
2184,36.8444107,-1.3178998
2185,36.842797,-1.3172671
2186,36.8439804,-1.3181191
2187,36.8404034,-1.3178193
2188,36.8451591,-1.3139231
2189,36.8448614,-1.3133278
2190,36.8425351,-1.312696
2191,36.845542,-1.3158175
2192,36.8457003,-1.315572
2193,36.8479565,-1.3147195
2194,36.8474113,-1.3144819
2195,36.8469022,-1.314289
2196,36.8464739,-1.3141133
2197,36.8457035,-1.3137971
2198,36.8447219,-1.3130811
2199,36.8439787,-1.3129345
2200,36.8475186,-1.3142642
2201,36.8457303,-1.3154328
2202,36.847995,-1.3152597
2203,36.8140509,-1.2887385
2204,36.8137915,-1.288921
2205,36.8134286,-1.2889155
2206,36.825129,-1.2800375
2207,36.8251189,-1.2800366
2208,36.8305884,-1.2836954
2209,36.8219809,-1.279833
2210,36.8220179,-1.2801788
2211,36.8232825,-1.2800666
2212,36.8228279,-1.2801106
2213,36.8294852,-1.2844386
2214,36.8363197,-1.2850704
2215,36.8336426,-1.279354
2216,36.8342497,-1.2786721
2217,36.8333959,-1.2772084
2218,36.833276,-1.2774492
2219,36.8332475,-1.2779075
2220,36.833328,-1.2787441
2221,36.8339288,-1.2776125
2222,36.8322306,-1.2771021
2223,36.8316168,-1.2779557
2224,36.8313177,-1.2776525
2225,36.8342426,-1.2752691
2226,36.8328178,-1.2754676
2227,36.8327891,-1.2766909
2228,36.8274861,-1.2829756
2229,36.8279668,-1.2833169
2230,36.8298038,-1.2857301
2231,36.8245893,-1.2801413
2232,36.814727,-1.2782965
2233,36.8153096,-1.2785208
2234,36.8181008,-1.2789629
2235,36.817358,-1.2782438
2236,36.8171712,-1.2781528
2237,36.8170447,-1.2784311
2238,36.8158803,-1.2776234
2239,36.8315256,-1.2790125
2240,36.8311104,-1.2787289
2241,36.8315444,-1.278774
2242,36.8317711,-1.2788129
2243,36.8320164,-1.279605
2244,36.8325958,-1.2798973
2245,36.8322995,-1.2797471
2246,36.8319493,-1.2793208
2247,36.855613,-1.2861072
2248,36.8522777,-1.2867808
2249,36.8400066,-1.2792136
2250,36.8401536,-1.2790611
2251,36.8427934,-1.2809564
2252,36.8412243,-1.2800851
2253,36.8403905,-1.2797141
2254,36.8427746,-1.2811602
2255,36.8420922,-1.2814946
2256,36.8419513,-1.2829243
2257,36.8423,-1.2819191
2258,36.8407646,-1.2826567
2259,36.8426192,-1.2818896
2260,36.8411854,-1.2830166
2261,36.8394112,-1.2850109
2262,36.8397099,-1.285294
2263,36.8399128,-1.2856679
2264,36.8479702,-1.2877407
2265,36.8435719,-1.2851284
2266,36.84484,-1.2856043
2267,36.8431395,-1.2857671
2268,36.8421283,-1.2870328
2269,36.8413253,-1.2843855
2270,36.8432414,-1.2858073
2271,36.8403366,-1.2853649
2272,36.8382874,-1.2860621
2273,36.8392298,-1.285898
2274,36.8239241,-1.2779799
2275,36.8239179,-1.2781007
2276,36.8238963,-1.2785209
2277,36.8239022,-1.2787271
2278,36.8220926,-1.2784785
2279,36.8314821,-1.2737163
2280,36.8305415,-1.2724002
2281,36.8307487,-1.2717803
2282,36.8308609,-1.2714034
2283,36.8314115,-1.2697974
2284,36.8286316,-1.2724641
2285,36.8133018,-1.2752843
2286,36.8308228,-1.2707211
2287,36.8312435,-1.2737308
2288,36.8308945,-1.2738768
2289,36.8304911,-1.2740457
2290,36.8295031,-1.2744592
2291,36.8299895,-1.2761555
2292,36.8309917,-1.272204
2293,36.8308,-1.2729288
2294,36.8302229,-1.2764505
2295,36.8305706,-1.276355
2296,36.8312713,-1.2736584
2297,36.8293985,-1.2727912
2298,36.8303831,-1.2717922
2299,36.826204,-1.2711153
2300,36.8279134,-1.2716574
2301,36.8262785,-1.2705558
2302,36.826207,-1.2706155
2303,36.8260881,-1.2707307
2304,36.8260967,-1.2703913
2305,36.826031,-1.2695891
2306,36.8261411,-1.2697933
2307,36.8260484,-1.2707318
2308,36.8255683,-1.2700909
2309,36.8269765,-1.269265
2310,36.8283223,-1.2691558
2311,36.8573602,-1.2896964
2312,36.8569027,-1.2899325
2313,36.856329,-1.2902285
2314,36.8569615,-1.2888096
2315,36.8571712,-1.2892659
2316,36.8565058,-1.2890132
2317,36.8540788,-1.2906502
2318,36.8567201,-1.289475
2319,36.8573565,-1.2910401
2320,36.8334715,-1.269679
2321,36.8486872,-1.2760917
2322,36.8460798,-1.2755591
2323,36.8456231,-1.284477
2324,36.8450749,-1.2844089
2325,36.8442933,-1.2841874
2326,36.8576738,-1.2828053
2327,36.8471078,-1.2835784
2328,36.8453143,-1.2829741
2329,36.8449105,-1.2826292
2330,36.8446044,-1.2834365
2331,36.8444692,-1.2837828
2332,36.8381789,-1.2844941
2333,36.8364271,-1.2848156
2334,36.8583776,-1.2858773
2335,36.8456875,-1.2840372
2336,36.845158,-1.2839835
2337,36.8452246,-1.2836345
2338,36.8268902,-1.307676
2339,36.8262465,-1.3065448
2340,36.8208286,-1.3084478
2341,36.8513538,-1.2990602
2342,36.8516984,-1.2988691
2343,36.8520283,-1.2986519
2344,36.8523833,-1.298448
2345,36.8527471,-1.298239
2346,36.8541526,-1.2980942
2347,36.8523308,-1.2969221
2348,36.8520175,-1.2971208
2349,36.8530502,-1.2995663
2350,36.8523716,-1.2999739
2351,36.8520374,-1.3001851
2352,36.8507622,-1.2965863
2353,36.8512236,-1.2973138
2354,36.8513631,-1.2975257
2355,36.8516903,-1.2980915
2356,36.8549743,-1.2974129
2357,36.8505438,-1.2980018
2358,36.8506384,-1.297888
2359,36.8509178,-1.2975981
2360,36.8515173,-1.2970237
2361,36.8518047,-1.2967724
2362,36.8521112,-1.2964894
2363,36.8517171,-1.2996334
2364,36.8520283,-1.2994323
2365,36.852711,-1.2990146
2366,36.8510554,-1.2962975
2367,36.8506764,-1.2979333
2368,36.8509956,-1.2984991
2369,36.8504674,-1.2968766
2370,36.8510239,-1.297765
2371,36.851355,-1.2983006
2372,36.8496204,-1.2977539
2373,36.8500544,-1.298469
2374,36.8481602,-1.2992039
2375,36.8486039,-1.2999444
2376,36.8501898,-1.2971885
2377,36.8516334,-1.295717
2378,36.8522333,-1.2967301
2379,36.8516796,-1.2973299
2380,36.8483135,-1.3002386
2381,36.8480123,-1.3005521
2382,36.8479756,-1.3005987
2383,36.8478623,-1.2994997
2384,36.852291,-1.2950693
2385,36.8513465,-1.2959996
2386,36.8477436,-1.2997681
2387,36.8520338,-1.2978684
2388,36.852377,-1.2976839
2389,36.8527164,-1.2974888
2390,36.8523164,-1.2962815
2391,36.8550719,-1.2968534
2392,36.8524038,-1.296193
2393,36.8550385,-1.297045
2394,36.8550022,-1.2972465
2395,36.8527764,-1.2957397
2396,36.8492631,-1.2940613
2397,36.8488076,-1.2945496
2398,36.8484933,-1.2948684
2399,36.8462,-1.2971878
2400,36.850006,-1.2945172
2401,36.8492502,-1.2952704
2402,36.8489472,-1.2955723
2403,36.846605,-1.2979063
2404,36.8222947,-1.2722096
2405,36.8455318,-1.2976275
2406,36.8445103,-1.2970465
2407,36.8435349,-1.2962028
2408,36.8450877,-1.2951495
2409,36.845049,-1.2979493
2410,36.8443797,-1.2976229
2411,36.8439961,-1.2981968
2412,36.8493262,-1.315173
2413,36.8494975,-1.3142286
2414,36.8493741,-1.3143983
2415,36.8489792,-1.3140946
2416,36.8488648,-1.3140222
2417,36.8488123,-1.3140014
2418,36.8487918,-1.3139945
2419,36.848448,-1.3138038
2420,36.8484097,-1.3137966
2421,36.8486879,-1.3137075
2422,36.8488369,-1.3136972
2423,36.8494659,-1.3136975
2424,36.8497749,-1.3136744
2425,36.8498733,-1.3136822
2426,36.8484373,-1.31499
2427,36.8484816,-1.3149358
2428,36.8488755,-1.3148785
2429,36.848953,-1.3149161
2430,36.8490476,-1.3149621
2431,36.8464846,-1.3117212
2432,36.8464705,-1.3118035
2433,36.8464495,-1.3118423
2434,36.8462468,-1.3124857
2435,36.8461405,-1.312903
2436,36.8442675,-1.3110928
2437,36.8443744,-1.3111555
2438,36.8446171,-1.3112067
2439,36.8446832,-1.3112145
2440,36.8447884,-1.3112291
2441,36.8448609,-1.3112392
2442,36.8448848,-1.3112427
2443,36.8449898,-1.3112571
2444,36.8451393,-1.3113071
2445,36.8452755,-1.3113762
2446,36.8453819,-1.3114253
2447,36.8454619,-1.3114622
2448,36.845537,-1.3114927
2449,36.8456419,-1.3115426
2450,36.8456567,-1.3115445
2451,36.8457474,-1.3115809
2452,36.8458164,-1.3116087
2453,36.8460374,-1.3116879
2454,36.8470639,-1.3119413
2455,36.847029,-1.3120748
2456,36.8469959,-1.3124935
2457,36.8470162,-1.312729
2458,36.8471763,-1.3128134
2459,36.8472271,-1.3128257
2460,36.8473068,-1.3128457
2461,36.847382,-1.3128631
2462,36.8474034,-1.3128787
2463,36.8474399,-1.3128844
2464,36.8474759,-1.31289
2465,36.8475407,-1.3129098
2466,36.8476649,-1.3129494
2467,36.8477793,-1.3129858
2468,36.847893,-1.3130043
2469,36.8480587,-1.3130271
2470,36.8482056,-1.3130385
2471,36.8482603,-1.3130395
2472,36.8483847,-1.3128825
2473,36.8484005,-1.3128212
2474,36.8487296,-1.3128084
2475,36.8497681,-1.3126686
2476,36.8496954,-1.312103
2477,36.8500825,-1.3118032
2478,36.8488102,-1.312014
2479,36.836156,-1.3075778
2480,36.8367069,-1.3078074
2481,36.836472,-1.307292
2482,36.8364238,-1.3072042
2483,36.8363353,-1.3070432
2484,36.8361401,-1.3066878
2485,36.8359212,-1.306405
2486,36.8357562,-1.306497
2487,36.8357921,-1.3065475
2488,36.8358263,-1.3065956
2489,36.836134,-1.3075456
2490,36.8360922,-1.3076037
2491,36.8360819,-1.3076864
2492,36.8359645,-1.3080841
2493,36.8357571,-1.3086973
2494,36.8491453,-1.3140143
2495,36.8489733,-1.3141384
2496,36.8489688,-1.3141517
2497,36.8523972,-1.315436
2498,36.8508175,-1.3145211
2499,36.8507593,-1.3144859
2500,36.8507025,-1.3144536
2501,36.8505948,-1.3143921
2502,36.8504992,-1.3143375
2503,36.8497132,-1.3138697
2504,36.8456314,-1.3115624
2505,36.8455993,-1.3116291
2506,36.8453301,-1.3121367
2507,36.8451319,-1.3124584
2508,36.850915,-1.3130505
2509,36.8506317,-1.3134633
2510,36.8506151,-1.31349
2511,36.8497929,-1.3135047
2512,36.8415444,-1.3069498
2513,36.8415183,-1.3069638
2514,36.8415379,-1.3082117
2515,36.8413041,-1.308509
2516,36.8412821,-1.3085314
2517,36.8412657,-1.3085545
2518,36.8411636,-1.3086796
2519,36.8417323,-1.3097733
2520,36.8387665,-1.3068496
2521,36.838795,-1.3069144
2522,36.8388127,-1.306939
2523,36.8388994,-1.3070728
2524,36.8389456,-1.3071342
2525,36.8389603,-1.3071448
2526,36.8389967,-1.3072019
2527,36.8391725,-1.307436
2528,36.8392184,-1.3076349
2529,36.8392309,-1.3078313
2530,36.8392541,-1.3083053
2531,36.8390731,-1.3092765
2532,36.8450968,-1.3125134
2533,36.8451113,-1.3124842
2534,36.8418229,-1.3099602
2535,36.8419079,-1.3096056
2536,36.8419706,-1.3098951
2537,36.8420688,-1.3099978
2538,36.8426015,-1.3103007
2539,36.8431752,-1.3106762
2540,36.8432756,-1.3108282
2541,36.8432615,-1.3108575
2542,36.851029,-1.3142772
2543,36.8508666,-1.3141323
2544,36.8508127,-1.3140933
2545,36.8507544,-1.314059
2546,36.850716,-1.3140411
2547,36.8506522,-1.3140128
2548,36.8506213,-1.3140004
2549,36.8505427,-1.313991
2550,36.8503404,-1.3139728
2551,36.8500568,-1.3138645
2552,36.847809,-1.3119968
2553,36.8381735,-1.3090684
2554,36.8382373,-1.3088397
2555,36.8378806,-1.3080668
2556,36.8456863,-1.3122822
2557,36.8434441,-1.3111539
2558,36.8434618,-1.3111927
2559,36.8436289,-1.3112505
2560,36.84373,-1.3112589
2561,36.8441303,-1.3111513
2562,36.8523077,-1.3155645
2563,36.8521456,-1.3160397
2564,36.851955,-1.3161543
2565,36.8515792,-1.3163228
2566,36.8512727,-1.3164612
2567,36.8493113,-1.3169406
2568,36.8508449,-1.3137239
2569,36.8507337,-1.3128931
2570,36.8504689,-1.3126631
2571,36.8500325,-1.312284
2572,36.849985,-1.3122525
2573,36.8499293,-1.3122172
2574,36.8497737,-1.3121477
2575,36.8497404,-1.3121329
2576,36.8494855,-1.3120174
2577,36.8493616,-1.3119535
2578,36.849039,-1.3119329
2579,36.8490111,-1.3119352
2580,36.8488395,-1.3119495
2581,36.8486456,-1.3119615
2582,36.8485811,-1.3119655
2583,36.8485358,-1.3119683
2584,36.8484174,-1.3119779
2585,36.8483721,-1.3119819
2586,36.8482321,-1.3119936
2587,36.847976,-1.3119955
2588,36.8479266,-1.311999
2589,36.847704,-1.3119927
2590,36.8475467,-1.3119952
2591,36.847519,-1.3119962
2592,36.8472964,-1.3120023
2593,36.8464988,-1.3116552
2594,36.8368082,-1.3098101
2595,36.8361755,-1.3091602
2596,36.8360994,-1.3090776
2597,36.8355196,-1.308456
2598,36.8353079,-1.3083067
2599,36.8352031,-1.3082515
2600,36.8349777,-1.3081423
2601,36.8347295,-1.308051
2602,36.8343801,-1.3079783
2603,36.8337214,-1.3078807
2604,36.8363596,-1.3085843
2605,36.8364018,-1.3085179
2606,36.8367731,-1.3078942
2607,36.8497821,-1.3128339
2608,36.847889,-1.3139478
2609,36.8477093,-1.3135594
2610,36.8458721,-1.3134245
2611,36.8460421,-1.3129925
2612,36.8460591,-1.3129361
2613,36.8368777,-1.3097807
2614,36.8371509,-1.3090232
2615,36.8371508,-1.3089932
2616,36.8371757,-1.3089587
2617,36.8371932,-1.3089143
2618,36.8373248,-1.3084152
2619,36.8376274,-1.3078008
2620,36.8372988,-1.3078835
2621,36.8393964,-1.3076442
2622,36.8405165,-1.3067342
2623,36.8407905,-1.306767
2624,36.8408864,-1.3067994
2625,36.840976,-1.3068297
2626,36.8411115,-1.3068757
2627,36.8412547,-1.3069242
2628,36.841292,-1.3069368
2629,36.8414633,-1.306926
2630,36.8399264,-1.3091262
2631,36.8401047,-1.3091824
2632,36.8401538,-1.3092002
2633,36.8405354,-1.3093156
2634,36.8404645,-1.3095913
2635,36.8405847,-1.3096775
2636,36.8378445,-1.3080586
2637,36.8378084,-1.3080575
2638,36.83766,-1.3080262
2639,36.8378738,-1.307725
2640,36.8379051,-1.3077177
2641,36.8400906,-1.3094733
2642,36.8404158,-1.309484
2643,36.8406878,-1.3087219
2644,36.8407047,-1.3086711
2645,36.8407311,-1.3085868
2646,36.8408018,-1.3083168
2647,36.8408091,-1.3083005
2648,36.8408194,-1.3082777
2649,36.8408433,-1.3082245
2650,36.8409676,-1.3082713
2651,36.8410187,-1.3082906
2652,36.8411289,-1.3083303
2653,36.8467897,-1.3138604
2654,36.8469192,-1.3135299
2655,36.8467693,-1.3133929
2656,36.8430587,-1.3124214
2657,36.8432627,-1.3121285
2658,36.8433421,-1.312024
2659,36.8436822,-1.3115314
2660,36.8472939,-1.312074
2661,36.8473058,-1.3127976
2662,36.8482294,-1.3120984
2663,36.8482284,-1.3121384
2664,36.8472717,-1.3132653
2665,36.8472557,-1.3135848
2666,36.8471304,-1.3132141
2667,36.8470881,-1.3134313
2668,36.8471434,-1.3135402
2669,36.847445,-1.3132929
2670,36.8474444,-1.3133632
2671,36.8474826,-1.3136336
2672,36.8128352,-1.2797219
2673,36.8127867,-1.279771
2674,36.8128935,-1.2799423
2675,36.8138618,-1.2798375
2676,36.8139622,-1.2798034
2677,36.8127145,-1.2796254
2678,36.8118832,-1.3089249
2679,36.8174265,-1.30674
2680,36.816724,-1.3067636
2681,36.8154749,-1.3070581
2682,36.8136243,-1.3080261
2683,36.8103809,-1.3099266
2684,36.8150567,-1.3095346
2685,36.8176754,-1.3073066
2686,36.817641,-1.3073434
2687,36.816991,-1.307297
2688,36.8171997,-1.3073406
2689,36.8174267,-1.3072231
2690,36.8207088,-1.2992992
2691,36.8208318,-1.2994741
2692,36.8216036,-1.3010952
2693,36.8201268,-1.3016594
2694,36.8196002,-1.3009166
2695,36.8189779,-1.3042861
2696,36.8182169,-1.304674
2697,36.8167112,-1.3044524
2698,36.8185214,-1.3030304
2699,36.816987,-1.3027877
2700,36.8145045,-1.3038162
2701,36.8135693,-1.3033621
2702,36.8183541,-1.3031144
2703,36.8172348,-1.3036769
2704,36.8123477,-1.3054603
2705,36.8117021,-1.3046951
2706,36.8120528,-1.3046181
2707,36.8377761,-1.3089064
2708,36.8475095,-1.3156166
2709,36.8484532,-1.3153135
2710,36.8474598,-1.3138977
2711,36.8474559,-1.3139477
2712,36.8302229,-1.3130792
2713,36.8297682,-1.3127817
2714,36.8300227,-1.3126544
2715,36.8303592,-1.3142354
2716,36.8586867,-1.3082947
2717,36.8584185,-1.3064606
2718,36.8570999,-1.3058218
2719,36.8562955,-1.306002
2720,36.8573348,-1.3087774
2721,36.8578835,-1.308422
2722,36.8577425,-1.3072328
2723,36.8576554,-1.3064737
2724,36.8564847,-1.3074062
2725,36.844399,-1.287818
2726,36.8430162,-1.2881245
2727,36.8424279,-1.2884512
2728,36.8419073,-1.2887404
2729,36.8416429,-1.2903985
2730,36.8535444,-1.290067
2731,36.8623053,-1.2888587
2732,36.844384,-1.287893
2733,36.8503384,-1.2925897
2734,36.8475579,-1.2919717
2735,36.8624528,-1.2892247
2736,36.847748,-1.3110699
2737,36.845075,-1.3101401
2738,36.8450507,-1.3101229
2739,36.8449427,-1.3100465
2740,36.8448936,-1.3100118
2741,36.8447722,-1.309926
2742,36.8446622,-1.3098483
2743,36.8442102,-1.3095287
2744,36.8065904,-1.274003
2745,36.8139408,-1.2797354
2746,36.8548452,-1.3182877
2747,36.8539627,-1.3179268
2748,36.8374958,-1.3091719
2749,36.8377337,-1.3089573
2750,36.8398587,-1.3094086
2751,36.8400527,-1.310216
2752,36.8397983,-1.311327
2753,36.8483402,-1.3135257
2754,36.8482448,-1.3138187
2755,36.8482142,-1.3138287
2756,36.8481986,-1.3138344
2757,36.8481744,-1.3138416
2758,36.848141,-1.3138525
2759,36.847382,-1.3141234
2760,36.8107645,-1.2751167
2761,36.813439,-1.2733209
2762,36.8140087,-1.2729127
2763,36.8251855,-1.2687502
2764,36.8211225,-1.2688097
2765,36.8204761,-1.2689545
2766,36.820042,-1.2690888
2767,36.8184523,-1.2692343
2768,36.8435723,-1.2631525
2769,36.8435712,-1.2630891
2770,36.8347687,-1.2660909
2771,36.8351183,-1.2658224
2772,36.8340903,-1.2671553
2773,36.834278,-1.2672359
2774,36.8327865,-1.2689102
2775,36.8276726,-1.2719865
2776,36.8281539,-1.2682582
2777,36.8311297,-1.2698298
2778,36.8207731,-1.2925917
2779,36.8222933,-1.2918795
2780,36.8230353,-1.2915004
2781,36.8269691,-1.2895079
2782,36.8271775,-1.2894013
2783,36.8217531,-1.2950571
2784,36.8220856,-1.2954046
2785,36.8242264,-1.299624
2786,36.8468547,-1.3134305
2787,36.8473618,-1.3132792
2788,36.841837,-1.3119485
2789,36.8425424,-1.3111944
2790,36.8428223,-1.3109743
2791,36.8431379,-1.3107034
2792,36.8435013,-1.3113558
2793,36.8432538,-1.3115419
2794,36.842227,-1.3121645
2795,36.8358911,-1.3065624
2796,36.8361402,-1.307522
2797,36.8363251,-1.3074174
2798,36.8359031,-1.3064218
2799,36.8361473,-1.3070389
2800,36.8362451,-1.3073158
2801,36.8359323,-1.3064613
2802,36.8359015,-1.3064803
2803,36.8362826,-1.3073634
2804,36.8361972,-1.3070322
2805,36.8373893,-1.308453
2806,36.8414828,-1.3104636
2807,36.8417039,-1.3102698
2808,36.8421616,-1.3105254
2809,36.8422849,-1.3102809
2810,36.841032,-1.3116142
2811,36.8432181,-1.3114727
2812,36.8431864,-1.3114343
2813,36.84316,-1.3113973
2814,36.8431308,-1.3113595
2815,36.8431051,-1.3113226
2816,36.8430702,-1.3112774
2817,36.8384585,-1.3072111
2818,36.8383964,-1.3072675
2819,36.8377162,-1.3076833
2820,36.847589,-1.318828
2821,36.8510696,-1.3143391
2822,36.8517225,-1.3166174
2823,36.8523121,-1.3163068
2824,36.8497344,-1.3137667
2825,36.8514204,-1.3167311
2826,36.8484855,-1.3145326
2827,36.8520839,-1.3164226
2828,36.8492665,-1.3141068
2829,36.8493301,-1.3141545
2830,36.8169844,-1.3162486
2831,36.8167213,-1.3160625
2832,36.8162966,-1.3160526
2833,36.8165281,-1.3162625
2834,36.8186621,-1.3174296
2835,36.8192327,-1.317286
2836,36.8166097,-1.3166808
2837,36.8163625,-1.3164339
2838,36.8161832,-1.3166196
2839,36.8185217,-1.3169306
2840,36.8161293,-1.3149806
2841,36.8159179,-1.3164599
2842,36.8117366,-1.2939325
2843,36.8286057,-1.3117527
2844,36.8277868,-1.3105256
2845,36.84486,-1.3148473
2846,36.8448178,-1.3148189
2847,36.8409815,-1.3079263
2848,36.8412146,-1.3073512
2849,36.84126,-1.3070685
2850,36.8358599,-1.3111772
2851,36.8282771,-1.3135408
2852,36.8281246,-1.3144031
2853,36.8269022,-1.3152874
2854,36.8269389,-1.315095
2855,36.8280219,-1.3155492
2856,36.8281109,-1.3148181
2857,36.8259091,-1.3151324
2858,36.826314,-1.3152237
2859,36.8227443,-1.313108
2860,36.8224919,-1.3130462
2861,36.8400346,-1.3113461
2862,36.8400333,-1.3113622
2863,36.8407273,-1.3114938
2864,36.8407245,-1.312016
2865,36.84153,-1.3122793
2866,36.8396256,-1.3164786
2867,36.8490616,-1.3167092
2868,36.8495176,-1.3167306
2869,36.8484442,-1.3159203
2870,36.8492582,-1.3158739
2871,36.8494338,-1.315874
2872,36.8504249,-1.3163664
2873,36.8499521,-1.3165215
2874,36.853954,-1.3223886
2875,36.8257267,-1.3006936
2876,36.8263443,-1.3004279
2877,36.8261379,-1.2998497
2878,36.8269295,-1.3013526
2879,36.8262001,-1.3017047
2880,36.8274201,-1.301136
2881,36.8266508,-1.3026677
2882,36.8284821,-1.3065696
2883,36.8275225,-1.3045293
2884,36.8549851,-1.2623116
2885,36.8551573,-1.2623529
2886,36.8528278,-1.2637626
2887,36.842944,-1.2652598
2888,36.8426177,-1.2684142
2889,36.8422823,-1.2686998
2890,36.8226175,-1.2671872
2891,36.8403395,-1.2706738
2892,36.8424099,-1.2764753
2893,36.8515857,-1.2637493
2894,36.8501639,-1.2625106
2895,36.8125742,-1.2743193
2896,36.8107049,-1.2751552
2897,36.8152195,-1.2704173
2898,36.8141645,-1.2729912
2899,36.8138495,-1.2732401
2900,36.8125009,-1.2742654
2901,36.8140982,-1.2729576
2902,36.815189,-1.2703691
2903,36.8158424,-1.2699514
2904,36.8146631,-1.2722184
2905,36.8137745,-1.2731948
2906,36.8176445,-1.2706547
2907,36.8141616,-1.2731092
2908,36.8144411,-1.272015
2909,36.814571,-1.2714142
2910,36.8157391,-1.2698634
2911,36.8358707,-1.2687259
2912,36.8317828,-1.2672539
2913,36.8341648,-1.2672081
2914,36.8350003,-1.2662032
2915,36.833707,-1.2668901
2916,36.8417228,-1.2612487
2917,36.8371975,-1.264281
2918,36.8218348,-1.2686862
2919,36.8244486,-1.2687877
2920,36.8366405,-1.2709678
2921,36.8345511,-1.2768029
2922,36.8343658,-1.278527
2923,36.8310301,-1.2673591
2924,36.8400981,-1.262165
2925,36.8398855,-1.2620605
2926,36.8398629,-1.2619931
2927,36.8398834,-1.261869
2928,36.8402148,-1.262103
2929,36.8401579,-1.2621456
2930,36.8344806,-1.2663014
2931,36.8375942,-1.2637513
2932,36.8365102,-1.2709609
2933,36.8365824,-1.2703498
2934,36.8365744,-1.2702294
2935,36.8364324,-1.2697045
2936,36.8363448,-1.2695245
2937,36.8392391,-1.2615588
2938,36.8310739,-1.2674556
2939,36.8420814,-1.2604514
2940,36.8415558,-1.2617716
2941,36.8390849,-1.2633153
2942,36.8388669,-1.2634081
2943,36.8379448,-1.2639366
2944,36.840504,-1.262528
2945,36.8404378,-1.2625739
2946,36.8406178,-1.2627464
2947,36.8346676,-1.2672678
2948,36.8554214,-1.3134244
2949,36.855546,-1.3135268
2950,36.8563847,-1.3138334
2951,36.8549005,-1.3134301
2952,36.8546315,-1.3146726
2953,36.8545819,-1.3149444
2954,36.8545555,-1.315106
2955,36.8550834,-1.3131991
2956,36.8553355,-1.3132903
2957,36.8553784,-1.3139714
2958,36.8552229,-1.3140465
2959,36.8550146,-1.3132191
2960,36.8553125,-1.3126627
2961,36.8552916,-1.3127222
2962,36.8567778,-1.3096587
2963,36.8189675,-1.2677939
2964,36.8181495,-1.2692328
2965,36.8372027,-1.2701993
2966,36.8371306,-1.2702166
2967,36.8367681,-1.270694
2968,36.8244359,-1.2688676
2969,36.8254964,-1.2686076
2970,36.833002,-1.2668864
2971,36.8232668,-1.2664066
2972,36.8240855,-1.2652039
2973,36.8265625,-1.2597832
2974,36.817777,-1.252018
2975,36.8164666,-1.2694455
2976,36.8215389,-1.2802906
2977,36.8215003,-1.2803298
2978,36.8219035,-1.2780396
2979,36.8204314,-1.2693386
2980,36.8207725,-1.2684498
2981,36.8197931,-1.2797989
2982,36.8197838,-1.2803429
2983,36.819944,-1.2805174
2984,36.8191893,-1.2800614
2985,36.8217108,-1.2819091
2986,36.8232326,-1.2831282
2987,36.8211731,-1.2814981
2988,36.8193828,-1.282376
2989,36.818253,-1.2829123
2990,36.8182493,-1.2802079
2991,36.817196,-1.280714
2992,36.8213706,-1.2816481
2993,36.8209745,-1.2813504
2994,36.8175961,-1.2815853
2995,36.8550085,-1.2677258
2996,36.8265408,-1.2868767
2997,36.8269112,-1.2876489
2998,36.8274065,-1.288936
2999,36.8258889,-1.2852148
3000,36.8256722,-1.284764
3001,36.8199989,-1.289583
3002,36.818312,-1.2812027
3003,36.8270215,-1.2893736
3004,36.8263633,-1.2896851
3005,36.825546,-1.2900945
3006,36.8253153,-1.2902014
3007,36.823267,-1.2912378
3008,36.8224134,-1.2917197
3009,36.8253676,-1.2890303
3010,36.8152767,-1.2799296
3011,36.8158126,-1.2808421
3012,36.8159296,-1.2807857
3013,36.8160036,-1.2810975
3014,36.8143297,-1.2797006
3015,36.8150081,-1.2798544
3016,36.8167134,-1.2802263
3017,36.8167787,-1.280387
3018,36.8167159,-1.2804399
3019,36.8165929,-1.2802236
3020,36.8168826,-1.2800842
3021,36.8172376,-1.2793346
3022,36.8173816,-1.2790234
3023,36.817316,-1.2785776
3024,36.8170031,-1.2784119
3025,36.8173557,-1.2778003
3026,36.8178577,-1.2785589
3027,36.8262925,-1.3153363
3028,36.8265232,-1.3140921
3029,36.8289115,-1.3221241
3030,36.8301787,-1.3154146
3031,36.8164312,-1.2693475
3032,36.8135892,-1.2735498
3033,36.8306038,-1.2676888
3034,36.8177597,-1.2675449
3035,36.8164396,-1.2862493
3036,36.8163494,-1.2862183
3037,36.8161279,-1.2860097
3038,36.8168655,-1.2863958
3039,36.8324524,-1.268996
3040,36.8325159,-1.2691311
3041,36.8345589,-1.2760975
3042,36.8348094,-1.2754645
3043,36.8362483,-1.2693689
3044,36.842239,-1.2610031
3045,36.8235173,-1.2800169
3046,36.8340653,-1.2662781
3047,36.8344168,-1.2662446
3048,36.834453,-1.26672
3049,36.8348485,-1.2667872
3050,36.8371203,-1.2641664
3051,36.8348585,-1.2666629
3052,36.8348357,-1.2669596
3053,36.8405791,-1.2620172
3054,36.8415176,-1.261087
3055,36.8348448,-1.2662242
3056,36.8364079,-1.2649666
3057,36.8404344,-1.2948359
3058,36.8403915,-1.2952049
3059,36.8294254,-1.2731559
3060,36.8487449,-1.3123772
3061,36.8576659,-1.2622996
3062,36.8220684,-1.2880096
3063,36.8220623,-1.2875701
3064,36.8225839,-1.2881676
3065,36.8224771,-1.2887585
3066,36.8270455,-1.3035111
3067,36.8257996,-1.2750179
3068,36.8186274,-1.3054332
3069,36.8515456,-1.3158645
3070,36.8161095,-1.2753507
3071,36.8207443,-1.2777641
3072,36.8390355,-1.2679444
3073,36.8389347,-1.268158
3074,36.838762,-1.2685236
3075,36.8527846,-1.2899583
3076,36.8537523,-1.2897096
3077,36.8547842,-1.2931252
3078,36.842528,-1.2997069
3079,36.8363325,-1.3027181
3080,36.8371076,-1.3022581
3081,36.8372118,-1.3014069
3082,36.8369665,-1.3008973
3083,36.836674,-1.3003144
3084,36.834978,-1.3012613
3085,36.8344551,-1.3015137
3086,36.8350961,-1.3015003
3087,36.8434895,-1.3008149
3088,36.8463976,-1.3008956
3089,36.8474638,-1.2924206
3090,36.8481015,-1.2894596
3091,36.8467604,-1.2893738
3092,36.8459933,-1.2882743
3093,36.8462501,-1.2892562
3094,36.8153147,-1.279892
3095,36.8150733,-1.27974
3096,36.8255797,-1.2764605
3097,36.8433473,-1.2769191
3098,36.8438085,-1.2770808
3099,36.8442356,-1.2772243
3100,36.8449771,-1.2772198
3101,36.8448453,-1.2785428
3102,36.8439522,-1.2783068
3103,36.8435793,-1.2780226
3104,36.8434493,-1.2779722
3105,36.8428739,-1.2777491
3106,36.842198,-1.2774997
3107,36.8430026,-1.2786983
3108,36.8294974,-1.2896668
3109,36.8289931,-1.2886961
3110,36.8358422,-1.2861674
3111,36.8420401,-1.2876114
3112,36.841914,-1.287594
3113,36.8341751,-1.3072819
3114,36.8337115,-1.3066418
3115,36.8335799,-1.3067457
3116,36.8337063,-1.3067555
3117,36.8311935,-1.3063969
3118,36.8313468,-1.3072335
3119,36.8147664,-1.2798782
3120,36.8174029,-1.2789764
3121,36.8171297,-1.2789621
3122,36.8171765,-1.2788656
3123,36.8172315,-1.2787521
3124,36.816983,-1.2786305
3125,36.8179177,-1.2792217
3126,36.8178559,-1.2793466
3127,36.8269142,-1.2890125
3128,36.8268733,-1.2890177
3129,36.8268257,-1.2889944
3130,36.8271148,-1.2890258
3131,36.8266331,-1.2890486
3132,36.8165304,-1.2803467
3133,36.854945,-1.3143871
3134,36.8568362,-1.3139519
3135,36.8237156,-1.2861661
3136,36.8272573,-1.2886478
3137,36.8268484,-1.2879245
3138,36.8268615,-1.2878834
3139,36.8267002,-1.2875693
3140,36.8256139,-1.2855683
3141,36.8255813,-1.2854087
3142,36.8289435,-1.2886634
3143,36.8287873,-1.288748
3144,36.8287211,-1.2887838
3145,36.8283691,-1.2889744
3146,36.8282652,-1.2890306
3147,36.8281658,-1.2890844
3148,36.8198623,-1.2863723
3149,36.8197009,-1.2860175
3150,36.8199175,-1.2863382
3151,36.8197578,-1.285998
3152,36.8198176,-1.2861255
3153,36.8266249,-1.2874215
3154,36.8249733,-1.2845247
3155,36.8252853,-1.2848734
3156,36.8207594,-1.281196
3157,36.819688,-1.280417
3158,36.8195353,-1.2802874
3159,36.8194942,-1.2854524
3160,36.8205642,-1.2848804
3161,36.8189146,-1.2842816
3162,36.8367216,-1.2703254
3163,36.8134793,-1.3174924
3164,36.8155179,-1.3183239
3165,36.8171003,-1.3191551
3166,36.8217347,-1.2685984
3167,36.8239147,-1.2620714
3168,36.8246481,-1.2624911
3169,36.8386972,-1.2698464
3170,36.8448289,-1.2671057
3171,36.8386626,-1.2697419
3172,36.8355416,-1.2702466
3173,36.8361483,-1.2702845
3174,36.8360623,-1.2703678
3175,36.8364367,-1.2699411
3176,36.8601482,-1.3092778
3177,36.8220311,-1.2788712
3178,36.8219875,-1.2789527
3179,36.8206577,-1.2780934
3180,36.8518594,-1.304819
3181,36.8522005,-1.3048492
3182,36.8614917,-1.3159013
3183,36.8169168,-1.2933911
3184,36.8463182,-1.3245192
3185,36.8458033,-1.3242124
3186,36.8451741,-1.3238404
3187,36.8438451,-1.3230548
3188,36.8405198,-1.3210696
3189,36.8349221,-1.3176914
3190,36.8330928,-1.3165759
3191,36.8319709,-1.3156529
3192,36.8264666,-1.3052078
3193,36.828607,-1.3118962
3194,36.8287148,-1.311892
3195,36.8172259,-1.2938352
3196,36.8173763,-1.2942363
3197,36.8177589,-1.294305
3198,36.8175736,-1.2939543
3199,36.823991,-1.2996632
3200,36.8357579,-1.2687205
3201,36.8355309,-1.2654926
3202,36.8359474,-1.2650484
3203,36.8234673,-1.2948674
3204,36.8274047,-1.2999043
3205,36.827433,-1.2999635
3206,36.8275545,-1.3002168
3207,36.8268445,-1.2997382
3208,36.8416929,-1.2610712
3209,36.8237064,-1.2908966
3210,36.819551,-1.283953
3211,36.8198619,-1.2833314
3212,36.8202131,-1.2831797
3213,36.8340529,-1.3154221
3214,36.8330301,-1.3144715
3215,36.8324719,-1.315433
3216,36.8343601,-1.318704
3217,36.8326082,-1.3167176
3218,36.840822,-1.3115208
3219,36.840927,-1.311116
3220,36.8412371,-1.311685
3221,36.8415933,-1.3109698
3222,36.8467523,-1.3146813
3223,36.8462851,-1.3145486
3224,36.8329965,-1.3060042
3225,36.8195524,-1.3008348
3226,36.8195374,-1.3009353
3227,36.8337104,-1.3132103
3228,36.8373768,-1.3038329
3229,36.8374117,-1.3032751
3230,36.8376718,-1.3035406
3231,36.8333812,-1.3181482
3232,36.8330193,-1.317086
3233,36.8327751,-1.3168994
3234,36.8328646,-1.3173405
3235,36.8328199,-1.31809
3236,36.8494229,-1.3176714
3237,36.8291565,-1.3149911
3238,36.8291009,-1.3152703
3239,36.8296216,-1.315095
3240,36.8295751,-1.3153687
3241,36.8296503,-1.3149358
3242,36.8435376,-1.3085013
3243,36.843519,-1.3088977
3244,36.8437986,-1.3096624
3245,36.8438776,-1.3098733
3246,36.8528213,-1.3190149
3247,36.8526986,-1.318835
3248,36.8523842,-1.3183632
3249,36.852185,-1.318221
3250,36.8530187,-1.3184193
3251,36.853087,-1.3182449
3252,36.8394006,-1.3121895
3253,36.8395733,-1.3121838
3254,36.8397814,-1.3122999
3255,36.8306527,-1.3154638
3256,36.8306865,-1.3154224
3257,36.8397703,-1.3120336
3258,36.8390922,-1.3123428
3259,36.8390905,-1.3124957
3260,36.8390865,-1.3126166
3261,36.8390852,-1.3126979
3262,36.8397821,-1.3124943
3263,36.8386826,-1.3125007
3264,36.8386198,-1.3125011
3265,36.8384217,-1.3125062
3266,36.8518039,-1.3187917
3267,36.8520381,-1.3182424
3268,36.8331453,-1.3149967
3269,36.8371912,-1.3098663
3270,36.8372939,-1.3097612
3271,36.837591,-1.3094572
3272,36.8377778,-1.3096401
3273,36.8374485,-1.3093394
3274,36.8380647,-1.3098944
3275,36.850887,-1.3152644
3276,36.8508859,-1.3143107
3277,36.8508655,-1.3142985
3278,36.8508008,-1.3142663
3279,36.8507646,-1.3142514
3280,36.8507231,-1.3142344
3281,36.8506744,-1.3142151
3282,36.850653,-1.3142065
3283,36.8508835,-1.3144111
3284,36.8508142,-1.3142281
3285,36.8508864,-1.3142557
3286,36.850764,-1.3141554
3287,36.850828,-1.3141927
3288,36.8507042,-1.3141148
3289,36.8508878,-1.3139891
3290,36.850741,-1.3139986
3291,36.8507869,-1.3138098
3292,36.8507822,-1.3139389
3293,36.8507493,-1.3138027
3294,36.8507583,-1.3137888
3295,36.8507157,-1.3137305
3296,36.847627,-1.3238068
3297,36.848198,-1.3227263
3298,36.8538556,-1.3178805
3299,36.7945451,-1.3254968
3300,36.8315863,-1.3104509
3301,36.8324394,-1.3104998
3302,36.8450454,-1.3116202
3303,36.8454708,-1.3118638
3304,36.8164642,-1.2890664
3305,36.8196689,-1.2803791
3306,36.8234692,-1.2759807
3307,36.8440307,-1.3125555
3308,36.8417249,-1.3131268
3309,36.8417141,-1.3142369
3310,36.8274291,-1.2737658
3311,36.8268673,-1.2741975
3312,36.8277093,-1.2742456
3313,36.8497954,-1.3133322
3314,36.8506944,-1.2583463
3315,36.8446975,-1.3127033
3316,36.8448304,-1.3124776
3317,36.8448711,-1.3124119
3318,36.8448781,-1.3123974
3319,36.8449186,-1.3128372
3320,36.8331216,-1.3060849
3321,36.8344138,-1.3060166
3322,36.8348096,-1.3060373
3323,36.8350148,-1.3060576
3324,36.8352323,-1.3061179
3325,36.8355833,-1.3063812
3326,36.8357224,-1.3065959
3327,36.8358181,-1.3070927
3328,36.8358366,-1.3071984
3329,36.8359503,-1.3074421
3330,36.8500441,-1.3128657
3331,36.8502189,-1.3128646
3332,36.8424838,-1.3104378
3333,36.8408828,-1.3115575
3334,36.8422662,-1.3121941
3335,36.8446586,-1.3126805
3336,36.8462381,-1.3136012
3337,36.8476564,-1.3142407
3338,36.8483269,-1.31455
3339,36.8484157,-1.3163043
3340,36.8482529,-1.3168208
3341,36.8474815,-1.317639
3342,36.8471452,-1.3179147
3343,36.8441317,-1.3186342
3344,36.8436788,-1.3189794
3345,36.8432546,-1.3193013
3346,36.8415064,-1.3199466
3347,36.8408032,-1.320163
3348,36.8405542,-1.3203292
3349,36.8402671,-1.320334
3350,36.8259063,-1.3050501
3351,36.826085,-1.3053581
3352,36.8237295,-1.2864352
3353,36.8238663,-1.2863682
3354,36.8241613,-1.2851641
3355,36.823987,-1.2850488
3356,36.8239307,-1.284786
3357,36.8240246,-1.2846654
3358,36.8255078,-1.2854859
3359,36.8257787,-1.2853492
3360,36.8256541,-1.2884055
3361,36.8255692,-1.2882498
3362,36.8246561,-1.2889363
3363,36.8245464,-1.288731
3364,36.8272205,-1.2896036
3365,36.8270703,-1.2893301
3366,36.8137557,-1.2821217
3367,36.813992,-1.2828499
3368,36.8139146,-1.2826686
3369,36.8140586,-1.2832967
3370,36.8135584,-1.2827142
3371,36.820864,-1.3126407
3372,36.8191745,-1.3077049
3373,36.8192309,-1.3075628
3374,36.81931,-1.3073804
3375,36.8194857,-1.3076688
3376,36.8194253,-1.3078253
3377,36.8195654,-1.3074868
3378,36.8222918,-1.2760525
3379,36.8174756,-1.2940944
3380,36.8144018,-1.3175552
3381,36.8152754,-1.3179604
3382,36.8152368,-1.3182314
3383,36.8151853,-1.3181842
3384,36.8152368,-1.3180894
3385,36.8153268,-1.3181482
3386,36.8152609,-1.3182333
