ID_groupA,ID_groupB,ID_groupC,ID_groupD
28459,140382,101042,125065
28459,140382,101042,125065
28459,140382,101042,197336
1246,14736,101042,197336
1246,14736,101042,197336
28459,140382,101042,125065
28459,140382,101042,125065
28459,140382,101042,125065
28459,97460,53776,36313
28459,140382,169946,125065
1246,140382,101042,125065
28459,152303,53776,36313
28459,140382,101042,125065
28459,140382,101042,125065
6435,140382,109201,125065
1246,140382,100355,125065
1246,14736,100355,197336
1246,14736,100355,197336
6435,140382,169946,125065
6435,140382,109201,125065
1246,129134,100355,197336
6435,97460,169946,125065
6435,140382,169946,125065
1246,140382,100355,125065
1246,152303,100355,197336
6435,140382,109201,125065
6435,140382,109201,125065
6435,140382,100355,125065
1246,14736,100355,125065
1246,14736,100355,125065
6435,140382,101042,125065
6435,129134,109201,125065
6435,129134,109201,125065
6435,97460,169946,125065
6435,140382,169946,125065
1246,140382,109201,125065
28459,140382,101042,125065
6435,129134,109201,125065
6435,129134,109201,125065
1246,14736,100355,197336
1246,14736,100355,197336
1246,14736,101042,197336
1246,140382,169946,125065
60686,129134,100355,197336
1246,97460,101042,197336
1246,140382,169946,125065
1246,14736,101042,197336
1246,152303,101042,197336
6435,129134,100355,125065
1246,140382,101042,125065
1246,14736,100355,197336
1246,14736,101042,197336
1246,140382,169946,125065
1246,14736,100355,197336
28459,97460,101042,142421
1246,140382,169946,125065
1246,14736,100355,197336
1246,14736,101042,197336
6435,140382,101042,125065
1246,140382,101042,125065
1246,14736,101042,197336
1246,140382,169946,125065
1246,14736,100355,197336
1246,97460,101042,197336
1246,140382,169946,125065
1246,14736,100355,197336
1246,152303,101042,197336
6435,14736,100355,125065
1246,14736,100355,125065
6435,140382,101042,125065
6435,140382,109201,125065
28459,97460,101042,142421
6435,140382,169946,125065
1246,140382,100355,125065
28459,152303,53776,36313
6435,140382,101042,125065
28459,140382,101042,125065
6435,129134,109201,125065
6435,97460,169946,125065
6435,140382,169946,125065
1246,140382,169946,125065
6435,152303,101042,125065
6435,140382,169946,125065
6435,129134,109201,125065
6435,129134,169946,125065
6435,129134,169946,125065
1246,129134,100355,197336
28459,129134,101042,125065
6435,129134,109201,120497
6435,129134,109201,125065
28459,97460,169946,142421
28459,97460,101042,142421
28459,97460,101042,142421
6435,97460,169946,120497
6435,97460,169946,125065
1246,140382,169946,125065
28459,97460,169946,142421
6435,140382,169946,125065
28459,140382,101042,125065
1246,152303,101042,197336
6435,140382,101042,125065
1246,140382,101042,125065
6435,140382,101042,125065
28459,140382,101042,125065
6435,129134,109201,125065
