ID_groupA,ID_groupB,ID_groupC
28459,140382,101042
28459,140382,101042
28459,14736,101042
28459,14736,101042
28459,14736,101042
28459,140382,101042
28459,97460,169946
28459,140382,101042
28459,97460,101042
28459,97460,169946
28459,140382,101042
28459,152303,101042
28459,97460,169946
28459,140382,101042
6435,140382,109201
1246,140382,100355
1246,14736,100355
1246,14736,100355
1246,140382,101042
6435,140382,109201
1246,129134,100355
28459,97460,101042
6435,140382,169946
1246,140382,100355
28459,152303,101042
6435,140382,109201
1246,140382,101042
6435,129134,109201
1246,14736,100355
1246,14736,100355
6435,140382,169946
6435,129134,109201
6435,129134,109201
6435,97460,169946
6435,97460,169946
1246,129134,109201
28459,152303,169946
6435,129134,109201
6435,129134,109201
1246,14736,100355
1246,14736,100355
1246,14736,101042
1246,140382,169946
1246,129134,100355
1246,97460,101042
1246,140382,169946
1246,14736,101042
1246,152303,101042
6435,129134,100355
1246,140382,101042
1246,14736,101042
1246,14736,101042
1246,140382,169946
1246,14736,100355
28459,97460,101042
1246,14736,101042
1246,14736,101042
1246,14736,101042
6435,140382,101042
1246,14736,101042
1246,14736,101042
1246,14736,169946
1246,14736,100355
1246,97460,101042
1246,14736,101042
1246,14736,101042
1246,14736,101042
6435,129134,100355
1246,14736,101042
28459,97460,169946
1246,129134,100355
28459,97460,101042
28459,97460,101042
1246,140382,100355
28459,152303,101042
6435,140382,101042
28459,140382,101042
6435,129134,109201
6435,97460,169946
6435,97460,169946
1246,140382,169946
28459,152303,169946
6435,140382,169946
6435,129134,109201
6435,129134,169946
6435,129134,169946
1246,129134,100355
1246,152303,100355
6435,129134,109201
6435,129134,109201
28459,97460,169946
28459,97460,101042
28459,97460,101042
6435,97460,169946
6435,97460,169946
1246,140382,169946
28459,152303,169946
6435,97460,169946
6435,97460,169946
28459,152303,101042
6435,140382,101042
1246,140382,101042
6435,140382,101042
28459,152303,101042
6435,129134,109201
