ID_groupA,ID_groupB
28459,140382
28459,140382
28459,14736
28459,14736
28459,14736
28459,97460
28459,97460
28459,140382
28459,97460
28459,97460
28459,152303
28459,152303
28459,140382
28459,140382
6435,140382
1246,140382
1246,14736
1246,14736
1246,140382
6435,140382
1246,129134
28459,97460
1246,140382
1246,140382
1246,152303
6435,140382
1246,140382
1246,140382
1246,14736
1246,14736
6435,140382
6435,129134
6435,129134
6435,97460
6435,97460
1246,140382
28459,152303
6435,129134
6435,140382
1246,14736
1246,14736
1246,140382
1246,140382
1246,129134
1246,97460
1246,140382
1246,14736
1246,152303
6435,140382
1246,140382
80873,14736
1246,14736
1246,140382
1246,129134
28459,97460
1246,14736
1246,14736
80873,152303
6435,140382
1246,140382
1246,14736
1246,140382
1246,14736
1246,97460
1246,14736
1246,14736
1246,14736
6435,140382
1246,140382
6435,140382
1246,129134
28459,97460
28459,97460
1246,140382
28459,152303
6435,140382
28459,140382
6435,129134
6435,97460
6435,97460
1246,140382
28459,152303
6435,140382
6435,140382
6435,129134
6435,129134
1246,129134
1246,152303
6435,129134
6435,129134
28459,97460
28459,97460
28459,97460
6435,97460
28459,97460
28459,97460
28459,152303
6435,140382
28459,97460
1246,152303
6435,140382
1246,140382
6435,140382
28459,152303
6435,140382
