ID_groupA,ID_groupB,ID_groupC,ID_groupD,ID_groupE
28459,140382,101042,125065,179532
28459,140382,101042,125065,179532
28459,140382,100355,197336,179532
1246,14736,101042,197336,168839
28459,140382,100355,197336,179532
28459,97460,101042,36313,11323
28459,140382,101042,125065,63147
28459,140382,101042,125065,179532
28459,97460,101042,142421,11323
28459,140382,169946,125065,63147
28459,140382,100355,125065,179532
28459,152303,53776,36313,27114
28459,140382,101042,125065,63147
28459,140382,101042,125065,63147
6435,140382,169946,125065,63147
1246,140382,101042,197336,179532
1246,140382,100355,125065,168839
1246,14736,100355,197336,168839
6435,140382,169946,125065,11323
6435,140382,169946,125065,63147
6435,129134,109201,125065,63147
6435,97460,169946,125065,63147
6435,140382,169946,125065,63147
1246,140382,100355,125065,168839
1246,152303,101042,197336,27114
6435,140382,169946,125065,63147
6435,140382,109201,125065,63147
6435,140382,100355,125065,63147
1246,140382,109201,125065,168839
1246,14736,100355,125065,168839
6435,140382,109201,125065,179532
6435,129134,109201,125065,63147
6435,129134,109201,125065,63147
6435,97460,169946,125065,63147
6435,140382,169946,125065,63147
6435,140382,101042,125065,63147
6435,152303,101042,125065,27114
6435,129134,109201,125065,63147
6435,129134,109201,125065,63147
1246,14736,100355,197336,168839
1246,14736,100355,197336,168839
1246,14736,101042,197336,179532
1246,140382,169946,125065,63147
1246,140382,101042,125065,179532
1246,97460,101042,197336,11323
1246,140382,169946,125065,63147
1246,14736,100355,197336,168839
1246,152303,101042,197336,27114
6435,129134,100355,125065,63147
1246,140382,101042,125065,63147
1246,14736,100355,197336,168839
1246,14736,101042,197336,179532
1246,140382,169946,125065,168839
1246,129134,100355,197336,168839
28459,97460,101042,142421,168839
1246,140382,169946,125065,168839
1246,14736,100355,197336,168839
1246,14736,101042,197336,27114
6435,140382,101042,125065,168839
1246,140382,101042,125065,168839
1246,14736,101042,197336,179532
1246,140382,169946,125065,63147
1246,14736,100355,197336,168839
1246,97460,101042,197336,11323
1246,140382,169946,125065,63147
1246,14736,100355,197336,168839
1246,152303,101042,197336,27114
6435,14736,100355,125065,63147
1246,14736,100355,125065,63147
6435,140382,109201,125065,179532
6435,140382,109201,125065,179532
28459,97460,101042,142421,179532
6435,140382,169946,125065,179532
1246,140382,100355,125065,179532
28459,140382,169946,125065,11323
6435,140382,109201,125065,179532
28459,140382,101042,125065,63147
6435,129134,109201,125065,63147
6435,97460,169946,125065,63147
6435,140382,169946,125065,63147
1246,140382,169946,125065,63147
6435,152303,101042,125065,27114
6435,140382,169946,125065,63147
6435,129134,109201,125065,63147
6435,129134,169946,125065,63147
6435,129134,169946,125065,63147
1246,129134,100355,197336,168839
1246,152303,100355,197336,27114
6435,129134,109201,125065,63147
6435,129134,109201,125065,63147
28459,97460,169946,142421,11323
1246,97460,101042,142421,11323
28459,152303,169946,142421,11323
6435,97460,169946,125065,63147
6435,97460,169946,125065,63147
1246,140382,169946,125065,63147
28459,97460,169946,142421,27114
6435,140382,169946,125065,63147
28459,140382,101042,125065,11323
1246,152303,101042,197336,27114
6435,140382,101042,125065,179532
1246,140382,101042,125065,63147
6435,140382,101042,125065,27114
28459,140382,101042,125065,63147
6435,129134,109201,125065,63147
