ID_START_VERTEX,ID_END_VERTEX
49948,183490
49948,90251
49948,150129
49948,29310
49948,44128
49948,114882
49948,37140
49948,117418
49948,99530
49948,172484
49948,7938
49948,112037
49948,33650
49948,71500
183490,90251
183490,150129
183490,29310
183490,44128
183490,114882
183490,37140
183490,117418
183490,99530
183490,172484
183490,7938
183490,112037
183490,33650
183490,71500
90251,150129
90251,29310
90251,44128
90251,114882
90251,37140
90251,117418
90251,99530
90251,172484
90251,7938
90251,112037
90251,33650
90251,71500
150129,29310
150129,44128
150129,114882
150129,37140
150129,117418
150129,99530
150129,172484
150129,7938
150129,112037
150129,33650
150129,71500
29310,44128
29310,114882
29310,37140
29310,117418
29310,99530
29310,172484
29310,7938
29310,112037
29310,33650
29310,71500
44128,114882
44128,37140
44128,117418
44128,99530
44128,172484
44128,7938
44128,112037
44128,33650
44128,71500
114882,37140
114882,117418
114882,99530
114882,172484
114882,7938
114882,112037
114882,33650
114882,71500
37140,117418
37140,99530
37140,172484
37140,7938
37140,112037
37140,33650
37140,71500
117418,99530
117418,172484
117418,7938
117418,112037
117418,33650
117418,71500
99530,172484
99530,7938
99530,112037
99530,33650
99530,71500
172484,7938
172484,112037
172484,33650
172484,71500
7938,112037
7938,33650
7938,71500
112037,33650
112037,71500
33650,71500
