ID_groupA,ID_groupB,ID_groupC,ID_groupD,ID_groupE
21733,147929,201065,75891,238763
21733,147929,85665,75891,87587
21733,147929,201065,14456,238763
2168,147929,201065,242462,238763
21733,213062,115599,75891,238763
21733,63299,201065,75891,72939
21733,63299,201065,75891,72939
21733,63299,201065,75891,72939
21733,147929,201065,75891,238763
21733,147929,85665,75891,238763
2168,147929,201065,137907,238763
2168,147929,201065,75891,238763
21733,63299,201065,75891,238763
21733,147929,201065,75891,238763
25737,147929,152706,75891,238763
2168,147929,107098,14456,238763
2168,213062,115599,137907,175331
2168,213062,115599,137907,175331
68569,63299,107098,75891,238763
2168,63299,107098,75891,72939
2168,63299,107098,75891,238763
2168,63299,107098,75891,72939
2168,147929,85665,75891,238763
2168,213062,115599,242462,175331
2168,63299,107098,75891,238763
2168,63299,107098,137907,72939
2168,147929,107098,75891,238763
25737,147929,152706,14456,238763
25737,53502,152706,242462,228247
25737,213062,115599,14456,175331
25737,213062,152706,14456,175331
25737,147929,152706,75891,72939
25737,213062,152706,14456,175331
25737,147929,152706,75891,238763
25737,147929,85665,14456,238763
25737,147929,152706,137907,238763
2168,147929,152706,14456,238763
25737,63299,152706,14456,238763
25737,147929,152706,14456,238763
2168,213062,115599,14456,175331
2168,213062,115599,14456,175331
68569,147929,107098,14456,238763
2168,53502,107098,137907,72939
2168,147929,107098,14456,238763
25737,147929,85665,75891,238763
2168,147929,85665,14456,238763
2168,147929,85665,137907,238763
2168,53502,107098,137907,175331
2168,63299,107098,14456,72939
2168,147929,107098,14456,238763
90721,213062,115599,242462,175331
90721,213062,115599,150484,228247
90721,213062,107098,242462,72939
90721,213062,115599,242462,228247
90721,63299,107098,75891,175331
25737,53502,85665,242462,228247
2168,213062,115599,137907,175331
90721,213062,115599,242462,175331
2168,63299,107098,242462,72939
90721,147929,107098,75891,175331
90721,213062,115599,150484,175331
68569,213062,115599,150484,72939
2168,213062,115599,137907,175331
2168,213062,115599,75891,238763
2168,147929,115599,137907,238763
2168,213062,115599,137907,175331
2168,213062,115599,137907,175331
2168,63299,115599,75891,238763
2168,213062,115599,14456,175331
68569,213062,107098,150484,72939
68569,213062,107098,150484,72939
68569,63299,107098,75891,72939
68569,147929,85665,75891,72939
2168,213062,107098,137907,175331
2168,63299,107098,75891,238763
68569,63299,107098,150484,72939
68569,147929,107098,75891,238763
68569,213062,107098,150484,72939
68569,63299,107098,75891,72939
21733,63299,85665,75891,72939
2168,53502,107098,137907,72939
2168,63299,107098,75891,72939
2168,63299,107098,75891,72939
2168,147929,107098,14456,72939
68569,63299,107098,75891,72939
2168,147929,85665,75891,238763
2168,63299,107098,137907,72939
2168,63299,107098,75891,238763
2168,63299,107098,75891,238763
2168,147929,107098,75891,238763
2168,147929,85665,75891,238763
2168,63299,107098,75891,72939
2168,63299,107098,75891,72939
2168,63299,107098,75891,238763
2168,147929,107098,75891,238763
2168,147929,85665,137907,238763
2168,147929,85665,75891,238763
21733,63299,85665,75891,238763
2168,147929,85665,14456,238763
90721,213062,115599,242462,175331
2168,63299,107098,137907,72939
2168,147929,107098,137907,238763
2168,63299,107098,137907,72939
2168,147929,107098,14456,175331
2168,63299,107098,14456,72939
