ID_groupA,ID_groupB
21733,147929
25737,147929
21733,147929
2168,147929
2168,147929
68569,63299
21733,63299
21733,63299
21733,147929
21733,147929
21733,147929
2168,147929
21733,63299
21733,147929
25737,147929
2168,53502
2168,213062
2168,213062
2168,213062
2168,63299
2168,213062
2168,147929
2168,147929
2168,53502
2168,213062
2168,63299
2168,147929
25737,53502
25737,53502
25737,53502
25737,147929
25737,147929
25737,147929
25737,147929
25737,147929
25737,53502
25737,147929
25737,147929
25737,147929
90721,53502
90721,53502
2168,213062
2168,63299
2168,53502
25737,147929
25737,53502
25737,53502
2168,53502
2168,63299
25737,147929
90721,21889
90721,213062
90721,213062
90721,213062
2168,147929
2168,147929
90721,53502
90721,213062
2168,63299
2168,147929
68569,213062
68569,213062
68569,213062
2168,147929
2168,147929
90721,21889
2168,213062
2168,63299
2168,147929
68569,213062
68569,213062
68569,63299
68569,147929
2168,213062
68569,213062
68569,63299
68569,147929
68569,213062
21733,63299
2168,147929
2168,63299
2168,63299
68569,63299
2168,147929
2168,147929
2168,147929
2168,213062
2168,213062
2168,63299
2168,147929
25737,147929
2168,147929
2168,147929
21733,63299
21733,147929
25737,53502
2168,147929
21733,63299
25737,147929
2168,53502
2168,63299
2168,147929
2168,63299
2168,147929
2168,63299
