ID_groupA,ID_groupB,ID_groupC,ID_groupD
21733,147929,201065,14456
25737,147929,201065,14456
21733,147929,201065,14456
21733,147929,201065,14456
21733,213062,115599,75891
21733,63299,201065,75891
21733,63299,201065,75891
21733,63299,201065,75891
21733,147929,201065,75891
21733,147929,85665,75891
21733,147929,201065,14456
2168,147929,201065,14456
21733,63299,201065,75891
21733,147929,201065,75891
2168,53502,152706,137907
2168,53502,107098,137907
2168,213062,115599,137907
2168,213062,115599,137907
2168,213062,107098,150484
2168,63299,107098,75891
2168,63299,107098,75891
2168,63299,107098,75891
2168,147929,85665,14456
2168,213062,115599,242462
2168,63299,107098,75891
2168,63299,107098,137907
2168,147929,107098,75891
25737,53502,152706,14456
25737,53502,152706,242462
25737,53502,115599,242462
2168,213062,152706,14456
25737,147929,152706,75891
2168,53502,152706,137907
25737,147929,152706,14456
25737,147929,85665,14456
25737,53502,152706,14456
2168,53502,152706,137907
25737,147929,152706,75891
25737,147929,152706,14456
90721,53502,115599,242462
90721,53502,115599,242462
2168,53502,107098,137907
2168,53502,107098,137907
2168,53502,107098,137907
25737,147929,85665,14456
25737,147929,85665,14456
25737,147929,85665,14456
2168,53502,107098,137907
2168,63299,107098,14456
25737,147929,85665,14456
90721,213062,115599,242462
90721,213062,115599,150484
90721,213062,107098,242462
90721,213062,115599,242462
90721,63299,107098,75891
25737,53502,85665,242462
2168,213062,115599,137907
90721,213062,115599,242462
2168,63299,107098,242462
2168,213062,115599,14456
68569,213062,115599,150484
68569,213062,115599,150484
2168,213062,115599,137907
2168,213062,115599,75891
25737,53502,115599,242462
2168,213062,115599,137907
2168,213062,115599,137907
2168,63299,115599,137907
2168,213062,115599,14456
68569,63299,107098,150484
68569,213062,107098,150484
68569,63299,107098,75891
68569,147929,85665,75891
90721,213062,115599,242462
2168,213062,107098,150484
68569,63299,107098,150484
68569,147929,107098,75891
68569,213062,107098,150484
68569,63299,107098,75891
21733,63299,85665,75891
2168,53502,107098,137907
2168,63299,107098,75891
68569,63299,107098,75891
2168,147929,107098,14456
68569,63299,107098,75891
2168,147929,85665,14456
2168,53502,107098,137907
2168,63299,107098,75891
2168,63299,107098,75891
2168,147929,107098,14456
25737,147929,85665,14456
2168,63299,107098,75891
2168,63299,107098,75891
2168,63299,107098,75891
21733,147929,201065,75891
2168,147929,85665,137907
2168,147929,85665,14456
21733,63299,85665,75891
25737,147929,85665,14456
90721,213062,115599,242462
2168,63299,107098,137907
25737,147929,85665,14456
2168,63299,107098,137907
2168,147929,107098,75891
2168,63299,107098,14456
