ID_groupA,ID_groupB,ID_groupC
21733,147929,201065
25737,147929,201065
21733,147929,201065
2168,147929,201065
2168,147929,115599
68569,63299,201065
21733,63299,201065
21733,63299,201065
21733,147929,201065
21733,147929,85665
21733,147929,201065
2168,147929,201065
21733,63299,201065
21733,147929,201065
25737,147929,152706
25737,147929,85665
2168,213062,115599
2168,213062,115599
2168,213062,107098
2168,63299,107098
2168,213062,107098
2168,63299,107098
2168,147929,85665
2168,63299,107098
2168,213062,107098
2168,63299,107098
2168,147929,107098
25737,53502,152706
25737,53502,152706
25737,53502,115599
25737,147929,107098
25737,147929,107098
25737,147929,152706
25737,147929,152706
25737,147929,85665
25737,53502,152706
25737,147929,152706
25737,147929,152706
25737,147929,152706
90721,53502,115599
90721,53502,115599
2168,53502,107098
2168,53502,107098
2168,53502,107098
25737,147929,85665
25737,53502,85665
25737,53502,152706
2168,53502,107098
2168,63299,107098
25737,147929,85665
90721,213062,115599
90721,213062,115599
90721,213062,107098
90721,213062,115599
90721,63299,107098
2168,147929,85665
2168,213062,115599
90721,213062,115599
90721,63299,107098
2168,147929,115599
68569,213062,115599
68569,213062,115599
68569,213062,115599
2168,147929,115599
2168,147929,115599
2168,213062,115599
2168,213062,115599
2168,63299,115599
2168,147929,115599
68569,63299,107098
68569,213062,107098
68569,63299,107098
68569,147929,85665
90721,213062,115599
2168,213062,107098
68569,63299,107098
68569,147929,107098
68569,213062,107098
2168,147929,107098
21733,63299,85665
2168,63299,107098
2168,63299,107098
68569,63299,107098
2168,147929,107098
2168,147929,107098
2168,147929,85665
90721,213062,115599
2168,63299,107098
68569,63299,107098
2168,147929,107098
25737,147929,85665
2168,63299,107098
2168,63299,107098
2168,63299,107098
21733,147929,201065
25737,53502,85665
2168,147929,85665
21733,63299,85665
25737,147929,85665
90721,213062,115599
2168,63299,107098
2168,147929,107098
2168,63299,107098
2168,147929,107098
2168,63299,107098
