ID_START_VERTEX,ID_END_VERTEX
51889,103630
51889,177127
51889,16642
51889,60480
51889,97935
51889,186031
51889,71554
51889,165289
51889,39589
51889,79282
51889,104996
51889,205186
51889,148282
51889,117176
103630,177127
103630,16642
103630,60480
103630,97935
103630,186031
103630,71554
103630,165289
103630,39589
103630,79282
103630,104996
103630,205186
103630,148282
103630,117176
177127,16642
177127,60480
177127,97935
177127,186031
177127,71554
177127,165289
177127,39589
177127,79282
177127,104996
177127,205186
177127,148282
177127,117176
16642,60480
16642,97935
16642,186031
16642,71554
16642,165289
16642,39589
16642,79282
16642,104996
16642,205186
16642,148282
16642,117176
60480,97935
60480,186031
60480,71554
60480,165289
60480,39589
60480,79282
60480,104996
60480,205186
60480,148282
60480,117176
97935,186031
97935,71554
97935,165289
97935,39589
97935,79282
97935,104996
97935,205186
97935,148282
97935,117176
186031,71554
186031,165289
186031,39589
186031,79282
186031,104996
186031,205186
186031,148282
186031,117176
71554,165289
71554,39589
71554,79282
71554,104996
71554,205186
71554,148282
71554,117176
165289,39589
165289,79282
165289,104996
165289,205186
165289,148282
165289,117176
39589,79282
39589,104996
39589,205186
39589,148282
39589,117176
79282,104996
79282,205186
79282,148282
79282,117176
104996,205186
104996,148282
104996,117176
205186,148282
205186,117176
148282,117176
