ID_groupA,ID_groupB
47365,49523
47365,32597
19372,49523
21446,32597
47365,49523
47365,32597
77671,32597
47365,32597
48071,4742
47365,49523
21446,32597
47365,32597
77671,32597
47365,51599
47365,49523
19372,49523
21446,49523
47365,49523
47365,49523
47365,49523
47365,49523
48071,49523
19372,49523
21446,49523
47365,49523
47365,49523
47365,51599
19372,51599
47365,49523
47365,49523
47365,51599
77671,4742
47365,51599
48071,51599
47365,49523
47365,49523
47365,49523
77671,4742
48071,51599
19372,49523
19372,3996
47365,49523
19372,51599
19372,51599
19372,51599
19372,3996
19372,49523
19372,49523
19372,49523
19372,51599
21446,49523
47365,49523
21446,49523
21446,49523
48071,49523
21446,49523
21446,49523
21446,49523
21446,32597
21446,49523
47365,49523
47365,49523
19372,3996
19372,51599
19372,3996
21446,49523
47365,49523
47365,49523
19372,3996
77671,4742
47365,51599
47365,51599
47365,49523
47365,49523
47365,49523
47365,49523
47365,51599
77671,4742
48071,4742
47365,49523
77671,32597
47365,4742
77671,4742
77671,51599
48071,51599
19372,3996
47365,49523
47365,49523
47365,51599
47365,51599
19372,51599
48071,49523
48071,51599
48071,4742
48071,51599
21446,49523
47365,49523
47365,49523
19372,51599
21446,49523
47365,49523
47365,51599
47365,49523
47365,51599
47365,51599
