ID_groupA,ID_groupB,ID_groupC,ID_groupD,ID_groupE
47365,32597,62582,41035,62018
47365,32597,38472,41035,62018
19372,32597,68070,41035,62018
21446,32597,77040,41035,95461
21446,32597,40209,101218,86604
47365,32597,62582,37772,62018
77671,32597,62582,37772,62018
47365,32597,68070,41035,62018
48071,32597,62582,26511,62018
47365,49523,62582,37772,62018
21446,32597,77040,41035,86604
47365,32597,62582,37772,62018
47365,32597,62582,41035,62018
47365,51599,38472,41035,62018
47365,49523,38472,37772,62018
19372,49523,68070,41035,62018
21446,49523,77040,41035,95461
21446,49523,77040,101218,95461
47365,49523,77040,41035,62018
47365,49523,62582,37772,62018
47365,49523,68070,41035,62018
47365,49523,38472,26511,62018
21446,49523,77040,101218,95461
47365,49523,77040,41035,62018
47365,49523,68070,41035,58065
47365,49523,62582,37772,62018
47365,51599,38472,41035,62018
19372,51599,68070,26511,58065
47365,49523,38472,101218,95461
47365,49523,38472,101218,62018
47365,4742,38472,37772,62018
77671,4742,38472,37772,62018
47365,4742,68070,37772,62018
48071,4742,38472,37772,62018
47365,49523,38472,37772,62018
47365,49523,77040,37772,62018
47365,49523,38472,37772,62018
47365,51599,62582,37772,62018
47365,51599,38472,37772,62018
19372,49523,77040,41035,58065
19372,49523,68070,101218,58065
19372,51599,38472,26511,62018
19372,51599,38472,37772,62018
19372,49523,68070,41035,58065
19372,51599,68070,26511,58065
19372,49523,68070,101218,58065
19372,49523,77040,41035,58065
19372,49523,77040,41035,58065
19372,49523,62582,41035,58065
19372,51599,38472,26511,58065
21446,49523,77040,101218,95461
21446,49523,77040,41035,62018
21446,49523,77040,37772,62018
47365,49523,68070,101218,95461
47365,49523,38472,26511,62018
21446,49523,77040,41035,95461
21446,49523,77040,101218,95461
21446,49523,77040,41035,58065
21446,49523,62582,41035,62018
21446,51599,77040,41035,62018
47365,49523,38472,101218,62018
47365,49523,62582,101218,62018
47365,49523,68070,101218,62018
47365,49523,38472,26511,62018
21446,49523,77040,101218,95461
21446,49523,77040,101218,86604
21446,49523,77040,101218,95461
47365,49523,62582,101218,62018
47365,51599,38472,101218,62018
77671,4742,38472,37772,62018
47365,49523,68070,41035,62018
48071,4742,38472,26511,62018
47365,49523,77040,41035,62018
47365,49523,77040,41035,62018
47365,49523,77040,41035,62018
47365,4742,62582,37772,62018
47365,51599,38472,37772,62018
47365,4742,68070,37772,62018
48071,51599,38472,37772,62018
47365,49523,62582,37772,62018
47365,49523,77040,37772,62018
47365,49523,62582,37772,62018
77671,4742,62582,37772,62018
77671,51599,38472,37772,62018
47365,4742,68070,37772,62018
47365,49523,68070,41035,62018
47365,49523,77040,41035,62018
47365,49523,68070,41035,62018
47365,51599,68070,37772,62018
47365,51599,68070,26511,62018
48071,51599,68070,26511,58065
48071,4742,77040,41035,62018
48071,51599,68070,26511,58065
48071,4742,62582,37772,62018
48071,51599,38472,26511,62018
47365,49523,77040,41035,62018
47365,49523,68070,41035,58065
47365,49523,62582,37772,62018
47365,51599,38472,26511,62018
47365,49523,77040,41035,62018
47365,49523,62582,37772,62018
47365,51599,77040,41035,62018
47365,49523,62582,37772,62018
47365,51599,38472,26511,62018
47365,51599,68070,37772,62018
