ID_groupA,ID_groupB,ID_groupC
47365,49523,62582
47365,32597,38472
19372,49523,77040
21446,32597,77040
47365,49523,62582
47365,32597,62582
77671,32597,62582
47365,32597,68070
48071,4742,62582
47365,49523,62582
21446,32597,77040
47365,32597,62582
77671,32597,62582
47365,51599,68070
47365,49523,38472
19372,49523,68070
21446,49523,77040
21446,49523,77040
47365,49523,77040
77671,49523,62582
47365,49523,68070
48071,51599,68070
19372,49523,68070
21446,49523,77040
47365,49523,68070
47365,49523,62582
47365,51599,68070
19372,51599,68070
47365,49523,38472
47365,49523,38472
47365,51599,68070
77671,4742,38472
47365,51599,68070
48071,51599,38472
47365,49523,38472
47365,49523,77040
47365,49523,38472
77671,4742,62582
47365,51599,38472
19372,49523,77040
19372,49523,68070
19372,51599,38472
19372,4742,38472
19372,51599,68070
19372,51599,68070
19372,49523,68070
19372,49523,77040
19372,49523,68070
19372,49523,62582
19372,51599,68070
21446,49523,77040
47365,49523,77040
21446,49523,62582
21446,49523,68070
47365,49523,38472
21446,49523,77040
21446,49523,77040
21446,49523,77040
21446,32597,77040
21446,49523,68070
47365,49523,68070
77671,49523,62582
19372,3996,68070
48071,51599,68070
21446,49523,77040
21446,49523,77040
19372,3996,68070
47365,49523,62582
19372,3996,68070
77671,4742,38472
47365,51599,68070
48071,51599,38472
47365,49523,68070
47365,49523,77040
47365,49523,68070
47365,49523,62582
47365,51599,68070
77671,4742,38472
48071,4742,38472
77671,49523,62582
77671,32597,40209
47365,4742,38472
77671,4742,62582
77671,51599,38472
48071,51599,68070
19372,3996,68070
47365,49523,77040
47365,49523,68070
47365,51599,68070
47365,51599,68070
48071,51599,68070
48071,49523,77040
48071,51599,68070
48071,4742,62582
48071,51599,68070
21446,49523,77040
47365,49523,68070
47365,49523,62582
19372,51599,68070
47365,49523,77040
47365,49523,62582
47365,51599,77040
47365,49523,62582
47365,51599,68070
47365,51599,62582
