ID_groupA,ID_groupB,ID_groupC,ID_groupD
47365,49523,62582,41035
47365,32597,38472,41035
19372,32597,68070,41035
21446,32597,77040,41035
21446,32597,77040,101218
47365,32597,62582,41035
77671,32597,62582,37772
47365,32597,68070,41035
48071,4742,62582,37772
47365,49523,62582,41035
21446,32597,77040,41035
47365,32597,62582,41035
47365,32597,62582,41035
47365,51599,68070,41035
47365,49523,38472,41035
19372,49523,68070,41035
21446,49523,77040,41035
21446,49523,77040,101218
47365,49523,77040,41035
77671,49523,62582,41035
47365,49523,68070,41035
47365,49523,38472,26511
21446,49523,77040,101218
47365,49523,77040,41035
47365,49523,77040,41035
47365,49523,62582,41035
47365,51599,68070,41035
19372,51599,68070,26511
47365,49523,38472,101218
47365,49523,38472,101218
47365,51599,68070,26511
77671,4742,38472,37772
48071,51599,68070,26511
48071,4742,38472,26511
47365,49523,38472,41035
47365,51599,77040,41035
47365,49523,38472,41035
77671,4742,62582,26511
48071,51599,38472,26511
19372,49523,68070,101218
19372,49523,68070,101218
19372,51599,38472,26511
19372,51599,38472,37772
19372,51599,68070,26511
19372,51599,68070,26511
19372,49523,68070,101218
19372,49523,77040,41035
19372,49523,68070,41035
19372,49523,62582,41035
19372,51599,68070,26511
21446,49523,77040,101218
21446,49523,77040,41035
21446,49523,62582,41035
47365,49523,68070,101218
47365,49523,38472,26511
21446,49523,77040,41035
21446,49523,77040,41035
21446,49523,77040,41035
21446,49523,62582,41035
47365,51599,77040,41035
47365,49523,68070,101218
77671,49523,62582,41035
47365,49523,68070,101218
47365,49523,38472,26511
21446,49523,77040,101218
21446,49523,77040,101218
21446,49523,77040,101218
47365,49523,62582,101218
47365,49523,68070,101218
77671,4742,38472,37772
47365,49523,68070,41035
48071,4742,38472,26511
47365,49523,77040,41035
47365,49523,77040,41035
47365,49523,77040,41035
47365,49523,62582,41035
47365,51599,38472,26511
77671,4742,68070,26511
48071,4742,38472,26511
77671,49523,62582,41035
47365,49523,77040,37772
77671,49523,62582,41035
77671,4742,62582,37772
77671,51599,38472,37772
48071,51599,68070,26511
47365,49523,68070,41035
47365,49523,77040,41035
47365,49523,68070,41035
47365,49523,68070,41035
47365,51599,68070,26511
48071,51599,68070,26511
48071,49523,77040,26511
48071,51599,68070,26511
48071,4742,62582,37772
48071,51599,38472,26511
47365,49523,77040,41035
47365,49523,77040,41035
47365,49523,62582,41035
47365,49523,68070,41035
47365,49523,77040,41035
47365,49523,77040,41035
47365,51599,77040,41035
47365,49523,62582,41035
47365,51599,38472,26511
47365,51599,62582,41035
