ID_START_VERTEX,ID_END_VERTEX
50537,77090
50537,46769
50537,52513
50537,57631
50537,31128
50537,20042
50537,115306
50537,68072
50537,41246
50537,86514
50537,76721
50537,56696
50537,85728
50537,51000
77090,46769
77090,52513
77090,57631
77090,31128
77090,20042
77090,115306
77090,68072
77090,41246
77090,86514
77090,76721
77090,56696
77090,85728
77090,51000
46769,52513
46769,57631
46769,31128
46769,20042
46769,115306
46769,68072
46769,41246
46769,86514
46769,76721
46769,56696
46769,85728
46769,51000
52513,57631
52513,31128
52513,20042
52513,115306
52513,68072
52513,41246
52513,86514
52513,76721
52513,56696
52513,85728
52513,51000
57631,31128
57631,20042
57631,115306
57631,68072
57631,41246
57631,86514
57631,76721
57631,56696
57631,85728
57631,51000
31128,20042
31128,115306
31128,68072
31128,41246
31128,86514
31128,76721
31128,56696
31128,85728
31128,51000
20042,115306
20042,68072
20042,41246
20042,86514
20042,76721
20042,56696
20042,85728
20042,51000
115306,68072
115306,41246
115306,86514
115306,76721
115306,56696
115306,85728
115306,51000
68072,41246
68072,86514
68072,76721
68072,56696
68072,85728
68072,51000
41246,86514
41246,76721
41246,56696
41246,85728
41246,51000
86514,76721
86514,56696
86514,85728
86514,51000
76721,56696
76721,85728
76721,51000
56696,85728
56696,51000
85728,51000
